gmean = 0.6808035714285714, f1 = 0.7821181297546798, acc = 0.6721965020576132, k = 50, loss = pairwise, lr = 0.001
gmean = 0.7756734006734006, f1 = 0.7575788716473127, acc = 0.696630658436214, k = 100, loss = pairwise, lr = 0.001
gmean = 0.8003427592116538, f1 = 0.7745413081787084, acc = 0.7202932098765432, k = 150, loss = pairwise, lr = 0.001
gmean = 0.8152709359605911, f1 = 0.7709899417681312, acc = 0.7218364197530864, k = 200, loss = pairwise, lr = 0.001
