gmean = 0.8103562005277045, f1 = 0.6693910911319984, acc = 0.6878858024691358, k = 50, loss = pairwise, lr = 0.001
gmean = 0.721608040201005, f1 = 0.6929665822173965, acc = 0.6727109053497943, k = 100, loss = pairwise, lr = 0.001
gmean = 0.7543279022403259, f1 = 0.7194366881146048, acc = 0.7028034979423868, k = 150, loss = pairwise, lr = 0.001
gmean = 0.7749599572877737, f1 = 0.7207945375543141, acc = 0.7107767489711934, k = 200, loss = pairwise, lr = 0.001
