gmean = 0.6532979781239642, f1 = 0.7491448118586089, acc = 0.6604938271604939, k = 50, loss = pairwise, lr = 0.001
gmean = 0.7506024096385542, f1 = 0.7210648148148149, acc = 0.6900720164609053, k = 100, loss = pairwise, lr = 0.001
gmean = 0.7843084389323268, f1 = 0.7095987315526284, acc = 0.6938014403292181, k = 150, loss = pairwise, lr = 0.001
gmean = 0.7513262599469496, f1 = 0.7541601952518304, acc = 0.7150205761316872, k = 200, loss = pairwise, lr = 0.001
