gmean = 0.6637816245006658, f1 = 0.7688451898978216, acc = 0.6916152263374485, k = 50, loss = pairwise, lr = 0.001
gmean = 0.7284562926224426, f1 = 0.7658881042911462, acc = 0.7228652263374485, k = 100, loss = pairwise, lr = 0.001
gmean = 0.8221670802315963, f1 = 0.7461528837733016, acc = 0.7390689300411523, k = 150, loss = pairwise, lr = 0.001
gmean = 0.6993969091594422, f1 = 0.7673697270471466, acc = 0.7106481481481481, k = 200, loss = pairwise, lr = 0.001
