gmean = 0.6535101908767389, f1 = 0.7626958655842929, acc = 0.6766975308641975, k = 50, loss = pairwise, lr = 0.001
gmean = 0.7243066884176182, f1 = 0.7625590382138256, acc = 0.7155349794238683, k = 100, loss = pairwise, lr = 0.001
gmean = 0.6548849616538847, f1 = 0.7546589817483189, acc = 0.6715534979423868, k = 150, loss = pairwise, lr = 0.001
gmean = 0.731044650379107, f1 = 0.7578602620087337, acc = 0.7147633744855967, k = 200, loss = pairwise, lr = 0.001
