gmean = 0.63344146269537, f1 = 0.7647530040053404, acc = 0.660108024691358, k = 50, loss = pairwise, lr = 0.001
gmean = 0.7552678344757553, f1 = 0.7090085795996188, acc = 0.6859567901234568, k = 100, loss = pairwise, lr = 0.001
gmean = 0.7431660546715626, f1 = 0.77883484767504, acc = 0.7339248971193416, k = 150, loss = pairwise, lr = 0.001
gmean = 0.7686158063042485, f1 = 0.7620880987430643, acc = 0.729809670781893, k = 200, loss = pairwise, lr = 0.001
