gmean = 0.6780325014509576, f1 = 0.790559972931822, acc = 0.6815843621399177, k = 50, loss = pairwise, lr = 0.001
gmean = 0.7876903281149474, f1 = 0.7657667048889816, acc = 0.7110339506172839, k = 100, loss = pairwise, lr = 0.001
gmean = 0.8291229742612012, f1 = 0.762436993206224, acc = 0.7211934156378601, k = 150, loss = pairwise, lr = 0.001
gmean = 0.796744739976181, f1 = 0.8053772070626003, acc = 0.7505144032921811, k = 200, loss = pairwise, lr = 0.001
