gmean = 0.6404944871366521, f1 = 0.7569595261599209, acc = 0.6833847736625515, k = 50, loss = pairwise, lr = 0.001
gmean = 0.6956867421983701, f1 = 0.7629427792915531, acc = 0.7202932098765432, k = 100, loss = pairwise, lr = 0.001
gmean = 0.8221850613154961, f1 = 0.7630625969994826, acc = 0.76440329218107, k = 150, loss = pairwise, lr = 0.001
gmean = 0.6690780931181599, f1 = 0.7565810173046671, acc = 0.7015174897119342, k = 200, loss = pairwise, lr = 0.001
