gmean = 0.9003651538862807, f1 = 0.5653455617425482, acc = 0.6586934156378601, k = 50, loss = pairwise, lr = 0.001
gmean = 0.6481051817478731, f1 = 0.7161628031193249, acc = 0.6583076131687243, k = 100, loss = pairwise, lr = 0.001
gmean = 0.7320369931230732, f1 = 0.734475374732334, acc = 0.7129629629629629, k = 150, loss = pairwise, lr = 0.001
gmean = 0.7561114269471291, f1 = 0.6902815622161671, acc = 0.6930298353909465, k = 200, loss = pairwise, lr = 0.001
