gmean = 0.6792869770182676, f1 = 0.7881377660029057, acc = 0.6811985596707819, k = 50, loss = pairwise, lr = 0.001
gmean = 0.7629310344827587, f1 = 0.7944189677041663, acc = 0.7290380658436214, k = 100, loss = pairwise, lr = 0.001
gmean = 0.7220102836291259, f1 = 0.7956497898007677, acc = 0.7124485596707819, k = 150, loss = pairwise, lr = 0.001
gmean = 0.7493276988090665, f1 = 0.7710248048226109, acc = 0.7020318930041153, k = 200, loss = pairwise, lr = 0.001
