gmean = 0.6106399383191982, f1 = 0.7408793264733396, acc = 0.643775720164609, k = 50, loss = pairwise, lr = 0.001
gmean = 0.7027542372881356, f1 = 0.7433053221288515, acc = 0.7053755144032922, k = 100, loss = pairwise, lr = 0.001
gmean = 0.7236576050325769, f1 = 0.7442236598890943, acc = 0.7152777777777778, k = 150, loss = pairwise, lr = 0.001
gmean = 0.7552121658081923, f1 = 0.7435402076793044, acc = 0.7268518518518519, k = 200, loss = pairwise, lr = 0.001
