gmean = 0.6482438937422, f1 = 0.7393249288328589, acc = 0.6702674897119342, k = 50, loss = pairwise, lr = 0.001
gmean = 0.7139423076923077, f1 = 0.7082389412185526, acc = 0.6853137860082305, k = 100, loss = pairwise, lr = 0.001
gmean = 0.7457795431976166, f1 = 0.727801332525742, acc = 0.7110339506172839, k = 150, loss = pairwise, lr = 0.001
gmean = 0.7416686362562042, f1 = 0.7420193899266966, acc = 0.7193930041152263, k = 200, loss = pairwise, lr = 0.001
