gmean = 0.6351710135873809, f1 = 0.7630393996247656, acc = 0.6751543209876543, k = 50, loss = pairwise, lr = 0.001
gmean = 0.7998739363378506, f1 = 0.6831763122476446, acc = 0.6972736625514403, k = 100, loss = pairwise, lr = 0.001
gmean = 0.727076802507837, f1 = 0.7928640102553145, acc = 0.7506430041152263, k = 150, loss = pairwise, lr = 0.001
gmean = 0.7589911256422233, f1 = 0.761213256821642, acc = 0.7377829218106996, k = 200, loss = pairwise, lr = 0.001
