gmean = 0.7768310369833212, f1 = 0.8195467151190591, acc = 0.7573302469135802, k = 50, loss = pairwise, lr = 0.001
gmean = 0.8001491424310216, f1 = 0.7182061579651943, acc = 0.6751543209876543, k = 100, loss = pairwise, lr = 0.001
gmean = 0.7939956547501481, f1 = 0.8036785285885646, acc = 0.7474279835390947, k = 150, loss = pairwise, lr = 0.001
gmean = 0.7938837920489297, f1 = 0.7909811090798293, acc = 0.7353395061728395, k = 200, loss = pairwise, lr = 0.001
