gmean = 0.8366184844502847, f1 = 0.5983709273182958, acc = 0.6702674897119342, k = 50, loss = pairwise, lr = 0.001
gmean = 0.8162983425414365, f1 = 0.6757181649278262, acc = 0.708204732510288, k = 100, loss = pairwise, lr = 0.001
gmean = 0.7545931758530183, f1 = 0.7268360510681329, acc = 0.722093621399177, k = 150, loss = pairwise, lr = 0.001
gmean = 0.8017667844522968, f1 = 0.6547395758187852, acc = 0.6922582304526749, k = 200, loss = pairwise, lr = 0.001
