gmean = 0.6591146741024747, f1 = 0.7607361963190185, acc = 0.6940586419753086, k = 50, loss = pairwise, lr = 0.001
gmean = 0.7062486579342925, f1 = 0.7422703678627849, acc = 0.706275720164609, k = 100, loss = pairwise, lr = 0.001
gmean = 0.6445456137278935, f1 = 0.7424364663170634, acc = 0.6715534979423868, k = 150, loss = pairwise, lr = 0.001
gmean = 0.6718326230143356, f1 = 0.7404718693284935, acc = 0.6873713991769548, k = 200, loss = pairwise, lr = 0.001
