gmean = 0.6340937114673243, f1 = 0.7514841538040004, acc = 0.6500771604938271, k = 50, loss = pairwise, lr = 0.001
gmean = 0.7308096740273397, f1 = 0.754123263888889, acc = 0.7085905349794238, k = 100, loss = pairwise, lr = 0.001
gmean = 0.7265625, f1 = 0.7673754363694065, acc = 0.7172067901234568, k = 150, loss = pairwise, lr = 0.001
gmean = 0.7868383404864091, f1 = 0.7625649913344887, acc = 0.7357253086419753, k = 200, loss = pairwise, lr = 0.001
