gmean = 0.6920473773265652, f1 = 0.7824347826086956, acc = 0.6782407407407407, k = 50, loss = pairwise, lr = 0.001
gmean = 0.7592067988668555, f1 = 0.754853636455085, acc = 0.6865997942386831, k = 100, loss = pairwise, lr = 0.001
gmean = 0.8401037165082109, f1 = 0.688547815820543, acc = 0.6607510288065843, k = 150, loss = pairwise, lr = 0.001
gmean = 0.8046791156900622, f1 = 0.7763512114309381, acc = 0.7222222222222222, k = 200, loss = pairwise, lr = 0.001
