gmean = 0.823045267489712, f1 = 0.48560527228581335, acc = 0.6185699588477366, k = 50, loss = pairwise, lr = 0.001
gmean = 0.7829432510420007, f1 = 0.6798440979955456, acc = 0.7042181069958847, k = 100, loss = pairwise, lr = 0.001
gmean = 0.7134238310708899, f1 = 0.7057068258112644, acc = 0.6956018518518519, k = 150, loss = pairwise, lr = 0.001
gmean = 0.7413837781808759, f1 = 0.7221100454316002, acc = 0.716820987654321, k = 200, loss = pairwise, lr = 0.001
