gmean = 0.8332567753789619, f1 = 0.5852556864010324, acc = 0.6693672839506173, k = 50, loss = pairwise, lr = 0.001
gmean = 0.6802966101694915, f1 = 0.7346145046900022, acc = 0.7016460905349794, k = 100, loss = pairwise, lr = 0.001
gmean = 0.7996219281663516, f1 = 0.5513196480938417, acc = 0.6458333333333334, k = 150, loss = pairwise, lr = 0.001
gmean = 0.7978889757623143, f1 = 0.6203647416413373, acc = 0.6787551440329218, k = 200, loss = pairwise, lr = 0.001
