gmean = 0.8960772232491271, f1 = 0.9056564608199273, acc = 0.881640625, k = 50, loss = pairwise, lr = 0.001
gmean = 0.919005247547342, f1 = 0.8805333916275003, acc = 0.8576822916666667, k = 100, loss = pairwise, lr = 0.001
gmean = 0.9312308366184845, f1 = 0.9112730390055722, acc = 0.8921875, k = 150, loss = pairwise, lr = 0.001
gmean = 0.9062772449869224, f1 = 0.8890314304041053, acc = 0.86484375, k = 200, loss = pairwise, lr = 0.001
