gmean = 0.8973821989528796, f1 = 0.9148163962425278, acc = 0.89609375, k = 50, loss = pairwise, lr = 0.001
gmean = 0.9199807182453603, f1 = 0.8732555479295356, acc = 0.8557291666666667, k = 100, loss = pairwise, lr = 0.001
gmean = 0.9330367595410911, f1 = 0.8991425992779783, acc = 0.88359375, k = 150, loss = pairwise, lr = 0.001
gmean = 0.9421185083504918, f1 = 0.9187862561356537, acc = 0.9052083333333333, k = 200, loss = pairwise, lr = 0.001
