gmean = 0.919605077574048, f1 = 0.9154089154089153, acc = 0.905859375, k = 50, loss = pairwise, lr = 0.001
gmean = 0.9490927419354839, f1 = 0.9117540249364484, acc = 0.905078125, k = 100, loss = pairwise, lr = 0.001
gmean = 0.9408708560118753, f1 = 0.9125374925014997, acc = 0.905078125, k = 150, loss = pairwise, lr = 0.001
gmean = 0.9363331737673528, f1 = 0.923621768386259, acc = 0.9157552083333333, k = 200, loss = pairwise, lr = 0.001
