gmean = 0.9389461945915807, f1 = 0.8878344536707525, acc = 0.8891927083333333, k = 50, loss = pairwise, lr = 0.001
gmean = 0.9212913553895411, f1 = 0.8913267940113578, acc = 0.8903645833333333, k = 100, loss = pairwise, lr = 0.001
gmean = 0.8936998297251277, f1 = 0.9059302182221675, acc = 0.9006510416666667, k = 150, loss = pairwise, lr = 0.001
gmean = 0.9253263707571802, f1 = 0.905236270753512, acc = 0.9033854166666667, k = 200, loss = pairwise, lr = 0.001
