gmean = 0.921123595505618, f1 = 0.912409571508069, acc = 0.8975260416666667, k = 50, loss = pairwise, lr = 0.001
gmean = 0.9280507876792852, f1 = 0.8982703686845698, acc = 0.88359375, k = 100, loss = pairwise, lr = 0.001
gmean = 0.9492168960607499, f1 = 0.9143902160246886, acc = 0.9024739583333333, k = 150, loss = pairwise, lr = 0.001
gmean = 0.9378504672897197, f1 = 0.9107203630175836, acc = 0.8975260416666667, k = 200, loss = pairwise, lr = 0.001
