gmean = 0.8799739073711677, f1 = 0.9124112275955362, acc = 0.898828125, k = 50, loss = pairwise, lr = 0.001
gmean = 0.896551724137931, f1 = 0.8894656128347292, acc = 0.8779947916666667, k = 100, loss = pairwise, lr = 0.001
gmean = 0.9055555555555556, f1 = 0.9106145251396648, acc = 0.9, k = 150, loss = pairwise, lr = 0.001
gmean = 0.8935915829746532, f1 = 0.8840785427016797, acc = 0.8723958333333334, k = 200, loss = pairwise, lr = 0.001
