gmean = 0.7904479822288042, f1 = 0.8740149421758265, acc = 0.8397135416666667, k = 50, loss = pairwise, lr = 0.001
gmean = 0.9047270955165692, f1 = 0.8764310161690073, acc = 0.863671875, k = 100, loss = pairwise, lr = 0.001
gmean = 0.9147851420247632, f1 = 0.8878416588124411, acc = 0.8760416666666667, k = 150, loss = pairwise, lr = 0.001
gmean = 0.8961999489926039, f1 = 0.8477683956574186, acc = 0.8356770833333333, k = 200, loss = pairwise, lr = 0.001
