gmean = 0.9443478260869566, f1 = 0.8731073294921614, acc = 0.8766927083333333, k = 50, loss = pairwise, lr = 0.001
gmean = 0.8989717223650385, f1 = 0.8849803871947362, acc = 0.881640625, k = 100, loss = pairwise, lr = 0.001
gmean = 0.8695233509870005, f1 = 0.8845353250887719, acc = 0.8772135416666667, k = 150, loss = pairwise, lr = 0.001
gmean = 0.8703839569576913, f1 = 0.8785485065415946, acc = 0.871875, k = 200, loss = pairwise, lr = 0.001
