gmean = 0.9507403189066059, f1 = 0.8777602523659307, acc = 0.87890625, k = 50, loss = pairwise, lr = 0.001
gmean = 0.887622993267737, f1 = 0.8615229957275699, acc = 0.8565104166666667, k = 100, loss = pairwise, lr = 0.001
gmean = 0.894086282113427, f1 = 0.8973485769885673, acc = 0.8901041666666667, k = 150, loss = pairwise, lr = 0.001
gmean = 0.885343709468223, f1 = 0.858508363727833, acc = 0.853515625, k = 200, loss = pairwise, lr = 0.001
