gmean = 0.9060486385366867, f1 = 0.9147953830010493, acc = 0.8942708333333333, k = 50, loss = pairwise, lr = 0.001
gmean = 0.8720436628259551, f1 = 0.8926132836747361, acc = 0.86484375, k = 100, loss = pairwise, lr = 0.001
gmean = 0.9302214813050727, f1 = 0.8759811616954474, acc = 0.8559895833333333, k = 150, loss = pairwise, lr = 0.001
gmean = 0.9167235494880546, f1 = 0.8841342988808427, acc = 0.8625, k = 200, loss = pairwise, lr = 0.001
