gmean = 0.9503214494447692, f1 = 0.8792753819115857, acc = 0.8837239583333333, k = 50, loss = pairwise, lr = 0.001
gmean = 0.9109311740890689, f1 = 0.87890625, acc = 0.87890625, k = 100, loss = pairwise, lr = 0.001
gmean = 0.8922349427575909, f1 = 0.8970349055423495, acc = 0.8928385416666667, k = 150, loss = pairwise, lr = 0.001
gmean = 0.8897338403041825, f1 = 0.8863636363636364, acc = 0.8828125, k = 200, loss = pairwise, lr = 0.001
