gmean = 0.8621737575974258, f1 = 0.9115479115479116, acc = 0.878125, k = 50, loss = pairwise, lr = 0.001
gmean = 0.9074299634591961, f1 = 0.8193115583415814, acc = 0.7860677083333333, k = 100, loss = pairwise, lr = 0.001
gmean = 0.9231277533039648, f1 = 0.8797229219143576, acc = 0.85078125, k = 150, loss = pairwise, lr = 0.001
gmean = 0.9144751886576721, f1 = 0.8543958978741587, acc = 0.8225260416666667, k = 200, loss = pairwise, lr = 0.001
