gmean = 0.9308576118178088, f1 = 0.91058705469142, acc = 0.883984375, k = 50, loss = pairwise, lr = 0.001
gmean = 0.9432749833813427, f1 = 0.8865056226572261, acc = 0.8580729166666666, k = 100, loss = pairwise, lr = 0.001
gmean = 0.9599474720945502, f1 = 0.9080745341614906, acc = 0.884375, k = 150, loss = pairwise, lr = 0.001
gmean = 0.9539458976078694, f1 = 0.8923044751150147, acc = 0.8658854166666666, k = 200, loss = pairwise, lr = 0.001
