gmean = 0.8777777777777778, f1 = 0.9181010854073018, acc = 0.902734375, k = 50, loss = pairwise, lr = 0.001
gmean = 0.9137106918238994, f1 = 0.8724477540235406, acc = 0.86171875, k = 100, loss = pairwise, lr = 0.001
gmean = 0.9252090800477897, f1 = 0.9072164948453608, acc = 0.896875, k = 150, loss = pairwise, lr = 0.001
gmean = 0.9264141898370086, f1 = 0.9069576440220579, acc = 0.8967447916666667, k = 200, loss = pairwise, lr = 0.001
