gmean = 0.8940789473684211, f1 = 0.9189676546827454, acc = 0.9063802083333333, k = 50, loss = pairwise, lr = 0.001
gmean = 0.9249497991967871, f1 = 0.8882728697119441, acc = 0.879296875, k = 100, loss = pairwise, lr = 0.001
gmean = 0.9295948616600791, f1 = 0.9001315632101423, acc = 0.8912760416666666, k = 150, loss = pairwise, lr = 0.001
gmean = 0.9295470884255931, f1 = 0.9142116427056327, acc = 0.9052083333333333, k = 200, loss = pairwise, lr = 0.001
