gmean = 0.8502155172413793, f1 = 0.9055434408355331, acc = 0.8928385416666667, k = 50, loss = pairwise, lr = 0.001
gmean = 0.8601036269430051, f1 = 0.8970864661654135, acc = 0.8859375, k = 100, loss = pairwise, lr = 0.001
gmean = 0.9153558052434457, f1 = 0.9076504085169598, acc = 0.9028645833333333, k = 150, loss = pairwise, lr = 0.001
gmean = 0.9006448531167901, f1 = 0.9130750605326877, acc = 0.9065104166666667, k = 200, loss = pairwise, lr = 0.001
