gmean = 0.7876548142229325, f1 = 0.8680242157402311, acc = 0.8438802083333333, k = 50, loss = pairwise, lr = 0.001
gmean = 0.880518107322231, f1 = 0.8473670821673874, acc = 0.84375, k = 100, loss = pairwise, lr = 0.001
gmean = 0.8995795201582983, f1 = 0.8955922186653534, acc = 0.8895833333333333, k = 150, loss = pairwise, lr = 0.001
gmean = 0.8832884756545143, f1 = 0.8841538084741611, acc = 0.8768229166666667, k = 200, loss = pairwise, lr = 0.001
