gmean = 0.956330505812127, f1 = 0.8169618894256576, acc = 0.8223958333333333, k = 50, loss = pairwise, lr = 0.001
gmean = 0.8928309273305604, f1 = 0.8733843944471039, acc = 0.8622395833333333, k = 100, loss = pairwise, lr = 0.001
gmean = 0.9068785696548299, f1 = 0.8804243008678881, acc = 0.8708333333333333, k = 150, loss = pairwise, lr = 0.001
gmean = 0.9203863221091099, f1 = 0.8706172839506172, acc = 0.8635416666666667, k = 200, loss = pairwise, lr = 0.001
