gmean = 0.8992528865745981, f1 = 0.9246886276335701, acc = 0.9157552083333333, k = 50, loss = pairwise, lr = 0.001
gmean = 0.9065842643213692, f1 = 0.9101539195800025, acc = 0.901953125, k = 100, loss = pairwise, lr = 0.001
gmean = 0.9114017769002961, f1 = 0.8978847556528081, acc = 0.890625, k = 150, loss = pairwise, lr = 0.001
gmean = 0.9242460796139927, f1 = 0.9210241615578795, acc = 0.914453125, k = 200, loss = pairwise, lr = 0.001
