gmean = 0.9171323954519175, f1 = 0.9162495186753947, acc = 0.88671875, k = 50, loss = pairwise, lr = 0.001
gmean = 0.944806605823555, f1 = 0.8872564024079176, acc = 0.8561197916666666, k = 100, loss = pairwise, lr = 0.001
gmean = 0.95, f1 = 0.8709240545890197, acc = 0.838671875, k = 150, loss = pairwise, lr = 0.001
gmean = 0.9481201428271372, f1 = 0.906425702811245, acc = 0.8786458333333333, k = 200, loss = pairwise, lr = 0.001
