,function,instance,http://w3id.org/ontoopt/diff_mean_02,http://w3id.org/ontoopt/diff_mean_05,http://w3id.org/ontoopt/diff_mean_10,http://w3id.org/ontoopt/diff_mean_25,http://w3id.org/ontoopt/diff_median_02,http://w3id.org/ontoopt/diff_median_05,http://w3id.org/ontoopt/diff_median_10,http://w3id.org/ontoopt/diff_median_25,http://w3id.org/ontoopt/dist_ratio.coeff_var,http://w3id.org/ontoopt/eps.max,http://w3id.org/ontoopt/eps.ratio,http://w3id.org/ontoopt/eps.s,http://w3id.org/ontoopt/expl_var.cor_init,http://w3id.org/ontoopt/expl_var.cor_x,http://w3id.org/ontoopt/expl_var.cov_init,http://w3id.org/ontoopt/expl_var.cov_x,http://w3id.org/ontoopt/expl_var_PC1.cor_init,http://w3id.org/ontoopt/expl_var_PC1.cor_x,http://w3id.org/ontoopt/expl_var_PC1.cov_init,http://w3id.org/ontoopt/expl_var_PC1.cov_x,http://w3id.org/ontoopt/h.max,http://w3id.org/ontoopt/kurtosis,http://w3id.org/ontoopt/lin_simple.adj_r2,http://w3id.org/ontoopt/lin_simple.coef.max,http://w3id.org/ontoopt/lin_simple.coef.max_by_min,http://w3id.org/ontoopt/lin_simple.coef.min,http://w3id.org/ontoopt/lin_simple.intercept,http://w3id.org/ontoopt/lin_w_interact.adj_r2,http://w3id.org/ontoopt/m0,http://w3id.org/ontoopt/nb_fitness.cor,http://w3id.org/ontoopt/nn_nb.cor,http://w3id.org/ontoopt/nn_nb.mean_ratio,http://w3id.org/ontoopt/nn_nb.sd_ratio,http://w3id.org/ontoopt/number_of_peaks,http://w3id.org/ontoopt/quad_simple.adj_r2,http://w3id.org/ontoopt/quad_simple.cond,http://w3id.org/ontoopt/quad_w_interact.adj_r2,http://w3id.org/ontoopt/ratio_mean_02,http://w3id.org/ontoopt/ratio_mean_05,http://w3id.org/ontoopt/ratio_mean_10,http://w3id.org/ontoopt/ratio_mean_25,http://w3id.org/ontoopt/ratio_median_02,http://w3id.org/ontoopt/ratio_median_05,http://w3id.org/ontoopt/ratio_median_10,http://w3id.org/ontoopt/ratio_median_25,http://w3id.org/ontoopt/skewness,r1,r2,r3,r4,r5,r6,r7,r8,r9,r10
0,10,1,-1.4358972795499856,-1.1849987001164752,-0.9439568194113264,-0.6336254770962846,-1.4122297497486738,-1.1434789752315062,-0.9329902984381082,-0.6299383166077117,0.1521948513058374,490558.37063650455,5.950950950950951,6.671671671671671,0.0975000000000005,0.1135000000000001,0.0888796886459536,0.0866173975108172,0.0975000000000001,0.1024999999999995,0.0877030125428876,0.0859074910626125,0.836992679851692,4.826304677334894,0.5016476541268424,2798079.940241809,178.4620085994694,15915.666444113296,31364464.394262604,0.9526460833285326,0.5847231487658439,-0.3904079475293023,0.8026298734085207,0.9070412149432232,0.9367240110765016,2.0,0.5521945884125118,91.18709355708964,1.0041851109191795,0.9353731149860788,0.9466578159625576,0.957514658338752,0.9714795461905108,0.9365675739701754,0.9486403112245372,0.9580950841434172,0.971695283171788,1.6160553309712764,969295.911247456,1034607.09469202,1052770.75264933,970954.113376548,651955.426124731,968761.719438915,1024837.41243031,755263.368895306,1144303.74899085,1359545.76752246
1,10,2,-1.483330498082502,-1.2569809765556137,-1.0898572383505185,-0.756385380811393,-1.396012879325287,-1.1964289925121443,-1.004507937721618,-0.686809355469542,0.1511769046537433,537936.1503980698,6.011011011011011,6.731731731731731,0.1043022208848636,0.114557472165055,0.098349897794678,0.0968360409879925,0.1052383914434786,0.1135317402408539,0.0973778259746512,0.0976128051863155,0.8349463183058558,5.2451844350304215,0.5929531204260292,2831653.915013032,92.16904528339516,30529.83133411913,35255433.15572878,0.963352554493534,0.576717811874583,-0.3857734937100247,0.8053938594384764,0.907569805196342,0.9366306453911036,2.0,0.6314290315073967,53.76224345567046,1.0050252030184688,0.9332203958347456,0.9434286991846884,0.9509312724750216,0.965951757137967,0.9372804734938864,0.9462554937360956,0.9548774705531144,0.9691484280137336,1.686371648981356,781566.376623236,649381.361626915,840287.428791556,756708.265278087,798329.944585362,883072.848539844,737114.180487475,847618.490651497,984409.515333924,1111196.22350509
2,10,3,-1.679639660181584,-1.3745360106784812,-1.1653764610175583,-0.8233267501339459,-1.524585151482155,-1.2393039519534843,-1.0257406972297325,-0.7047677590247545,0.1513983189459498,513701.35433513386,5.990990990990991,6.671671671671671,0.1203937472055599,0.1234136386602904,0.1168042020058491,0.114401784379887,0.1245579936581155,0.1266177284121024,0.1142446501202916,0.1149823932426661,0.8381563800386198,1.9614977499611264,0.4930003498887946,1658749.50085948,81.51490716818034,20287.62635947637,33111140.97905985,0.9548488258837587,0.5843895930620414,-0.3979299107510986,0.8046943572155012,0.9073807793010455,0.9382804302341444,2.0,0.5368008499675194,52.39242879386518,1.004181204827284,0.9244116400920604,0.9381350778043508,0.947537728144392,0.9629449643276982,0.9315259065612014,0.9443234346927476,0.9539247070780476,0.9683335586557752,1.2549729213389995,968827.125653544,1009087.28190244,545589.524990112,1265593.09806649,701717.837539602,667391.214090945,1012519.95362962,991808.664184683,915284.292348408,721267.662319688
3,10,4,-1.5040820226568954,-1.1934779324289853,-0.9512974824720396,-0.6507322210595259,-1.4462793411596184,-1.1566997682951694,-0.9321517051228838,-0.6306802723365887,0.1514993969169629,563314.2670601351,6.031031031031031,6.791791791791791,0.1149999999999997,0.1230000000000002,0.0853491979352279,0.0861484285137408,0.1100000000000003,0.1244999999999998,0.0862856917778865,0.0847128518842002,0.835579227730664,5.124915195429478,0.5992241298860926,2882600.42231939,109.85232645123568,25209.73036932013,37465005.930845626,0.967695112105352,0.5790527018012008,-0.3705516875873057,0.8038713885678288,0.90693414712009,0.9367686130163918,2.0,0.6294457881958093,54.95592926183343,1.006304569210322,0.932312509088178,0.946269076114671,0.9571707855314696,0.9707144865941858,0.9350243187564578,0.948032918187072,0.95810995535941,0.9716660906836628,1.7086140108507375,691135.182815248,1058330.62872673,976092.930267171,854144.929483051,769081.064945594,760358.459250521,865757.428676181,868524.755982581,813857.371402522,793648.173987569
4,10,5,-1.5668280821562508,-1.2581257719712102,-1.0490706302833033,-0.7323000964165587,-1.5171240434249622,-1.2138583970108474,-1.0040024206613791,-0.6854618040421183,0.1515937800248545,589889.6425508494,6.051051051051051,6.891891891891891,0.1069999999999997,0.1044999999999998,0.0879758431491422,0.087330418976647,0.1001255145931074,0.1019999999999998,0.0887228455322756,0.0909422131983406,0.8268235933007533,5.085727397646753,0.6771929134291337,3160860.096529652,47.77318889893998,65370.42840988286,41104964.89049088,0.9706228751586636,0.5720480320213476,-0.3354618277324603,0.8028504765912117,0.9071145877156944,0.9382052605695236,4.0,0.7208160474354297,101.68626995900476,1.0060343160806684,0.9294702856585052,0.9433734914159152,0.9527823905657604,0.9670343750458228,0.9318386769943752,0.945471890955366,0.9549067553919748,0.9692127957629342,1.940005523773108,855898.64379751,633465.273806641,850190.16916722,990976.979031916,911818.927497404,665367.559820626,997198.000983088,632370.818857852,439425.217350837,823844.416694846
5,11,1,-0.2025614353918197,-0.1983527728149425,-0.1768762701950752,-0.1652358950844856,-0.2001595427930382,-0.1975018623181181,-0.1868066309231117,-0.1767931042410637,0.1588179290577457,213958.88713434216,5.7307307307307305,6.631631631631631,0.1245000000000002,0.0995000000000003,0.0854937487027221,0.0851336665413718,0.1075000000000003,0.1009999999999995,0.0853491979352279,0.0865222142822813,0.7878460219589931,8.446866726720906,0.0818315419631054,591712.2376841966,110.42233129505225,5542.179587839761,10963373.569538044,0.978350443603194,0.6035690460306871,-0.2638004287510657,0.7739260723828182,0.897247959724903,0.8920116994763445,15.0,0.1633520477246498,85.73429470536809,1.0028420304177044,0.9908801806647336,0.9910719288413504,0.9920383804645346,0.9925613045970596,0.9910065011703806,0.9911280386939408,0.9916035611200072,0.9920574530724436,2.5612968432990666,274.3438423409,312.3126644317,227.2520185415,190.9653825186,231.7523033058,246.6599370284,241.1595382375,282.8665100283,210.8722166059,299.7464270242
6,11,2,-0.7247386215285481,-0.7597421968061777,-0.7145470664098408,-0.5792327433474949,-0.5998288153906177,-0.6121561920296656,-0.6008363837945279,-0.5111428187038687,0.1554992877687568,389574.5615775501,5.930930930930931,6.871871871871871,0.1224999999999996,0.1044999999999998,0.0916014358766831,0.0906837073311511,0.1049999999999999,0.104,0.0904532089937065,0.0915302777092465,0.7794085306482854,6.797255225299589,0.7079632208027491,2846483.2157427617,43.45178810356756,65357.516066759,22729425.01382261,0.9804432393544606,0.5748832555036691,-0.2808071537197717,0.7867233705764152,0.9016939125023452,0.911683892666064,12.0,0.729160914729359,87.16479044876954,1.0060796471074536,0.967373096723016,0.9658032955883094,0.9678383874810969,0.9739252989205603,0.9730542011863348,0.9725089344508122,0.973006707371996,0.9770373563924064,2.293919958436846,315.4983663432,336.6090920981,264.4430964285,208.2862368789,270.2215982609,299.4152929176,221.2395752521,317.8475082422,289.5408146,334.8264770456
7,11,3,-0.2805656995277754,-0.2645705512116958,-0.2707729433118544,-0.2532182622132843,-0.244777810315135,-0.2537967447182279,-0.2542908111153927,-0.2416476541251917,0.1575315455840982,224052.7869300018,5.750750750750751,6.671671671671671,0.1080000000000005,0.1099999999999998,0.08608228582657,0.0850533137234869,0.1039999999999996,0.1069999999999997,0.0857349016941124,0.0853963633609475,0.7841209793735608,9.737645399429852,0.4328213713229598,1659901.9861203996,141.25273390008363,11815.78724404745,12108674.0541809,0.974297624117732,0.5915610406937959,-0.2864678631584981,0.7769528227914538,0.8988512486900189,0.8989484053827512,16.0,0.4753638624997545,177.31457520179106,1.0042230153135503,0.9873707671128868,0.9880895550999536,0.9878110563072432,0.9886028155651284,0.9890037605144432,0.9886004264549202,0.988579570708168,0.9891432270669158,2.5374872290071675,242.3813937492,206.1514201108,227.845554651,241.7569124825,277.1284482785,306.2728589022,284.037737297,316.3156333081,268.5195916938,289.9427607947
8,11,4,-0.3532131367408109,-0.415809177922533,-0.392022849571557,-0.3447745144122152,-0.2913543272468892,-0.2912933021521748,-0.2965079869944542,-0.2692171704679094,0.1582249896722887,204319.73201952703,5.7307307307307305,6.611611611611611,0.1114840000287196,0.1135445990294747,0.1041362968371463,0.1042781895347291,0.1110000000000002,0.1159999999999996,0.102293171518336,0.1022734274732674,0.7806523540488814,6.372109540996903,0.4501618403929239,1780243.330059947,77.43670873909042,23786.547096067443,10946805.02396718,0.965124036439996,0.599733155436958,-0.3032952169456968,0.7739441023121219,0.898600251856999,0.8985173095027746,14.0,0.491664914354263,200.5186666256392,1.0037768859402858,0.9841005358972544,0.9812862851997176,0.9823557178065658,0.9844770436211095,0.9869117294425724,0.9869113036757432,0.9866775024178822,0.987910003745666,2.2857215932004875,273.0096259391,262.9696925046,287.1790432159,249.0243875359,207.3437883237,228.891474761,320.368895381,298.6007850765,299.1732074674,300.2194031258
9,11,5,-0.1762854868150967,-0.1906304400283343,-0.217932773094537,-0.1989694406245004,-0.1647390784799736,-0.1726592328373488,-0.2033511272872772,-0.1722162857212197,0.1594937450441529,186324.631193156,5.69069069069069,6.541541541541541,0.112765949708646,0.1027694594567034,0.0976598734674931,0.0972300833701049,0.1070831353882635,0.1084999999999998,0.0985563199265077,0.0989570163542828,0.7881202493928275,9.96493371813456,0.1333811147083408,760680.2739410452,103.2520116195559,7349.267384563365,8690091.327972244,0.9612789761497228,0.6060707138092062,-0.3185607115794994,0.7708018533197658,0.8973897355292768,0.8947034309519828,15.0,0.1897076708901018,215.80781886238603,1.0028707439473594,0.9920637732140812,0.9914202286102204,0.9901882986509168,0.991044239437988,0.9925970557985366,0.9922403723329069,0.9908648563489806,0.9922610741512664,2.566168001297604,232.8674500083,254.7044855591,289.0471450714,222.1103758875,295.705491535,303.4321304996,331.6847602219,233.6582887098,281.0406000968,289.707214101
10,12,1,-3.100595092296148,-2.5962403034234693,-2.0216683981618733,-1.1627429720894416,-2.8130266064572496,-2.1843897987116208,-1.7086287011704666,-1.0304664354022286,0.1494515308097221,31080821.738690574,7.972972972972974,9.474474474474476,0.1224923024125735,0.1244707452077904,0.1232250545106311,0.1205447394835707,0.1207408864799026,0.1238046123473663,0.121075876071163,0.1176260498194921,0.7721606145532958,352.2047065923341,0.1019561144523593,411258948.9237462,82.31758034795087,5142485.763356529,3375531690.202901,0.2780423448628299,0.5913942628418946,-0.167922947389209,0.8145013712262472,0.911170194983128,0.9597211105487156,13.0,0.1309767118850857,62.0674747188625,1.3478132838473251,0.8604274519185907,0.8831454014512745,0.909004061153558,0.947664791626664,0.8736274445853054,0.9018586548363964,0.9232308489150614,0.9537153765200344,15.318057111359453,65388585.87332,107033363.422245,91260310.6218771,75901871.3588211,105194941.055041,116043518.347605,110029995.502392,90655958.9540948,81099220.7201272,99163996.5508412
11,12,2,-2.5276929926383733,-1.9009831310499017,-1.4517200233081962,-0.8515820832130991,-2.4596173514711843,-1.8677077260803705,-1.4177412943190415,-0.840199701700147,0.150351139298656,98399522.96278246,8.493493493493494,10.075075075075077,0.1254999999999997,0.1049486621111734,0.0968384781358086,0.0925318402161691,0.1120000000000001,0.1009202011000391,0.0928310375985325,0.0933345488871045,0.7689951438494096,240.51350140144183,0.137575859334295,1836132536.3602943,89.63925021605186,21899907.104024168,11449204420.096584,0.3744441482663653,0.588559039359573,-0.1565000675308935,0.8128596136560534,0.9097628387753514,0.9519455953204388,15.0,0.1633185282791732,91.62918740245712,1.3165981680248815,0.8862245641831739,0.9144223477037016,0.9346615609121396,0.9616685042648304,0.8894774376166774,0.916100225894512,0.9362998777842148,0.9622524762552898,12.892436629206625,37252454.7169794,136043893.955582,69277263.9285288,55136268.5066676,68513969.4833914,113262132.216633,88811526.3822015,86926491.4978356,106248079.937722,93384212.6307591
12,12,3,-2.744009196071472,-1.9964802998223088,-1.4816458573883473,-0.8248469341916369,-2.633962820505964,-1.9295619647526152,-1.425161020108268,-0.7874562086095818,0.1496603959948843,56591701.63246231,8.313313313313314,9.974974974974977,0.1288414863359114,0.138331564179796,0.125390607622759,0.1241969729829775,0.1354937329678704,0.1256442511350846,0.1227955084908299,0.1254106573840457,0.7491856844910262,261.99087051961914,0.1258414849904648,1354085998.0207791,41.9179781868566,34305821.73489899,8552237083.160397,0.3673613344133424,0.5842228152101401,-0.1496000464125459,0.8138648068764267,0.909605140044101,0.954173920436973,19.0,0.1422665388299653,73.84947197519838,1.313725619836944,0.8764806784712863,0.9101442142476648,0.93331647026697,0.962875318866116,0.881666177533661,0.9133109254377688,0.9359946663838704,0.9646155229687656,13.533081953492758,95477732.907791,65306996.0593843,61821924.7018226,111901943.748493,89780014.7874848,61395042.2462264,91674186.2961315,118448028.008857,102486673.49029,87872149.9094724
13,12,4,-2.859190053033158,-2.259028251882796,-1.7624014905415937,-1.14568762145214,-2.8072261950821336,-2.1580525992976,-1.6749501906592403,-1.0414445712495262,0.1495204859874539,49282495.70040503,8.173173173173174,9.794794794794797,0.1137000812168062,0.1194999999999999,0.1081495022279643,0.1088759393395563,0.1174875305441681,0.116020816801013,0.1086890522390276,0.1090921238717518,0.7667218907406292,308.4783303832594,0.1227649921627862,869672408.4339465,58.02434516033894,14512789.944963668,6164182134.149064,0.3479750962001749,0.5887258172114743,-0.14959919261888,0.8146649705008183,0.9108873882668668,0.9582829576994968,16.0,0.149446189858841,107.7279343776596,1.331585420093592,0.871284092757173,0.8983169105554398,0.9206765460351548,0.9484293360809954,0.8739161846830223,0.9030839980342342,0.9247665046904704,0.9532095169839128,14.482263117259928,82136608.881468,94971581.4823288,84773871.7967546,83464395.8244483,123890595.191399,100522392.825882,97880113.3510931,111342423.199659,107783913.672691,126493637.532992
14,12,5,-3.1614852022921784,-2.4525532956126987,-1.8587185674723017,-1.0527994478193357,-3.0914068981975227,-2.403550785326249,-1.8284240872525397,-1.0203601271748024,0.1486585819868246,20526377.52709248,7.872872872872874,9.734734734734737,0.1020000000000003,0.1139999999999998,0.086778911611607,0.0861883380831841,0.1174999999999997,0.1044999999999998,0.0859938215088849,0.0865410472461379,0.7561727136523361,416.3062270203279,0.1132053127446995,888415125.1290562,95.67227386420048,9353607.8653782,4121728206.7509966,0.3472865334531015,0.5868912608405603,-0.1130781743586443,0.8172619786345231,0.911787081709242,0.9617986803333248,26.0,0.1296826627247067,90.7657016945742,1.3293118217553026,0.857699389764768,0.8895983946303152,0.9163385167635648,0.9526159107687948,0.8611291874436461,0.8920185746561726,0.9178718412922942,0.9541637432068084,17.423888077516636,86295895.2122055,94006363.8520984,78182727.3152931,79099898.3497448,97142361.9011629,83419058.7810041,92787005.8558919,76069514.7934932,88910804.5814942,82688244.6873283
15,13,1,-3.0232158724855136,-2.3531412048739053,-1.8438927381838432,-1.1769093832264534,-2.9148087167064585,-2.2959220646594503,-1.8040931617507676,-1.1435747052665235,0.1469083580878983,17.629753752872038,1.4864864864864868,2.027027027027027,0.104,0.1095000000000001,0.0933334446923568,0.0942445991930861,0.1119999999999996,0.1005286525770543,0.0941949227695224,0.0927112487025367,0.8500064054704983,-0.0290781865385789,0.7846247967865185,75.98273722895972,80.92368258877772,0.9273031776677904,4261.044999502849,0.9099361877882371,0.5713809206137425,-0.4746663674285878,0.8212091992912376,0.9144005869165788,0.9701499175582428,1.0,0.8898044486689856,2.4295625098743594,1.0010491530262926,0.8639279071018762,0.8940978475879593,0.9169871048088456,0.9470203582810924,0.8690713292136591,0.8968584655497883,0.9189495672336464,0.948614714939574,0.0855177593574112,1570.3896765445,1292.9683507097,1427.8460478311,1311.7892334383,1364.0009434733,1352.7439508263,1526.4035492114,1382.0494429162,1343.5867962099,1623.672292606
16,13,2,-2.949651361976768,-2.398591465117576,-1.9242621236798167,-1.229268440591026,-2.832257670668973,-2.2379080814140853,-1.8066092304114496,-1.1626514553396738,0.1472174189664322,16.835508029612008,1.4664664664664668,2.007007007007007,0.1295000000000006,0.1079999999999996,0.0926376958473529,0.0934263594188779,0.104,0.1134999999999997,0.0935723651456516,0.0939590149378656,0.8514247926032045,-0.1057501931123658,0.7743309469223852,58.59941369364785,57.25523246038711,1.0236455449871862,4350.682884670515,0.9063846428772592,0.5733822548365577,-0.4710825910484334,0.8194801417518758,0.9141731718463074,0.9687428977270146,1.0,0.8872310206227567,2.425083740277211,1.0008663003311409,0.8672414934300589,0.8920474143014433,0.9133896674699742,0.9446711992511496,0.8727678948005202,0.8994852636221633,0.9188236006724486,0.9477755267179282,0.052168332339657,1520.03987745,1615.6496695859,1467.9915124542,1457.6468503164,1429.1247040696,1445.3460848258,1253.1128682289,1640.2123937071,1487.7169304184,1299.8852882505
17,13,3,-3.08043469481318,-2.409769330794754,-1.9153842071550768,-1.237655667238215,-2.9566349398684846,-2.351875041443664,-1.864175907048974,-1.17651187390282,0.1465178176476831,16.835508029612008,1.4664664664664668,2.007007007007007,0.1095200139279976,0.1159999999999996,0.0975464207491778,0.09710862805448,0.1101894527540548,0.1025479800713641,0.0990515650536288,0.0967579865598744,0.852188427023843,-0.0391109713834012,0.7681627432047957,59.88719849822058,12.50149038423666,4.83346860605959,3982.7324085959312,0.903973837214116,0.5758839226150767,-0.4702204068176745,0.8238888532684798,0.9148396937859148,0.971634336843428,1.0,0.8841438619880133,2.375734091513249,1.000991295021124,0.8613582977694332,0.8915469777165326,0.9137988132264684,0.9442835876053182,0.8671910633546056,0.8943479382325409,0.916280352597952,0.9471469854500304,0.0632453547863919,1320.1731638989,1465.4963760072,1572.1983209364,1521.899132084,1505.9416395952,1427.1089007358,1319.2548578264,1301.2972400885,1231.4253612919,1223.7538447471
18,13,4,-3.046570164890236,-2.414223062767338,-1.944909237448888,-1.3276834781037845,-2.9921583833029928,-2.3770769127251103,-1.9254374038676167,-1.2996900322987024,0.1469859021778761,15.352750287804213,1.4264264264264268,1.9669669669669672,0.1080000000000001,0.1150000000000002,0.0935472683334457,0.094819346641463,0.1130000000000004,0.1099999999999998,0.0934508337387185,0.094266834594823,0.8537510577780387,-0.0299595371186132,0.5851389469226025,51.798198919658034,55.98863655374432,0.910354715566732,4742.039137674796,0.8255630686798341,0.582221480987325,-0.5016085885234299,0.8232758375660685,0.916174274520532,0.9737646465774484,1.0,0.7879254999231191,3.1402638115602945,1.0015257174483378,0.8628808253915227,0.8913417395333627,0.9124613584808032,0.9402365376396976,0.8655863109111865,0.8932061624324692,0.9134801467604824,0.941611660335978,0.0910906381713193,1451.3612410825,1629.785508925,1523.7633258049,1466.2132892764,1566.6177835299,1504.5152497112,1398.730585325,1399.1879531329,1423.032179224,1426.7095078611
19,13,5,-3.008650201528683,-2.4016296907673294,-1.9073452991069504,-1.2671859618675398,-2.9820483788088463,-2.39056245141666,-1.886300043925651,-1.252126848040824,0.1467719865162243,16.835508029612008,1.4464464464464468,2.007007007007007,0.1104999999999996,0.1185,0.0878447635886576,0.0880094415846349,0.1124999999999998,0.1099999999999998,0.0872097871022336,0.0891534745553727,0.8543382742629381,-0.0223635863677968,0.6562206524874281,55.51189672627343,117.3927590023574,0.4656467919057967,4075.40263006277,0.8607960343819925,0.5790527018012008,-0.4911926391301746,0.8233324495391242,0.9151669526621652,0.971177196411722,1.0,0.8257528544101156,2.3039413154057105,1.001402971947002,0.8645826569734296,0.8918776592365556,0.9141567484474996,0.942958045708814,0.866036943149342,0.8926185445152939,0.9152542503488736,0.9437493257755596,0.0585154585680399,1622.1193026,1415.2325870052,1499.3776499731,1454.9974768244,1577.2247970398,1424.5938689202,1558.454026168,1359.3155534855,1310.4168220557,1570.3201829687
20,14,1,-2.153944092238044,-1.6502214180704478,-1.2941988873804655,-0.8257738662301186,-2.1112248352478358,-1.6319306993848652,-1.267186037392225,-0.8117971072270649,0.1508280930585392,3.677609101601031,0.8458458458458455,1.606606606606607,0.1455000000000001,0.1260294894709141,0.3870967741935484,0.3870967741935484,0.1290322580645161,0.1290322580645161,0.3870967741935484,0.3870967741935484,0.8377115936134545,5.961043426711711,0.3613193819924619,14.719824398635009,95.040260229792,0.1528170846504885,223.937502319898,0.7303526898199311,0.5892261507671781,-0.4064681957517017,0.807446966846222,0.9095790271211852,0.949343338471536,2.0,0.4335110464779099,18.98715321912137,1.1140865438341407,0.9030446392488256,0.9257170803155064,0.9417504168293618,0.9628358130759967,0.9051524923384836,0.9266959572942716,0.9430780672111978,0.9635406445142616,1.8573165529895703,25.4915537488,22.8597516057,19.6921402141,21.5891797983,20.5536422611,22.6274854595,22.376245464,18.2298630179,22.6774683888,26.9981380996
21,14,2,-2.429163996349711,-1.8764495752968744,-1.4176685804229638,-0.9218793707671455,-2.41185782816814,-1.85001524831994,-1.3938755272579133,-0.8820089342040252,0.1495844160474916,3.0583380323784315,0.8058058058058055,1.666666666666667,0.2903225806451613,0.2903225806451613,0.5483870967741935,0.5483870967741935,0.2903225806451613,0.2903225806451613,0.5483870967741935,0.5483870967741935,0.8271784356772465,10.3005203451204,0.2955627900410553,13.507622240850877,94.56561210172588,0.142838652144444,50.09252735729446,0.7311667948582123,0.5932288192128086,-0.3692924170350241,0.8124207359929815,0.9104506221853236,0.9542337650098096,3.0,0.3709592225521329,19.13717726376805,1.116038490100831,0.8906629528965695,0.915551111141055,0.9361952940894926,0.9585020780980846,0.8916842672847939,0.9168928308099408,0.937395443173844,0.9603758238113024,2.493992105648115,20.8884062209,20.117157525,24.5960274998,17.4451797924,25.2734965097,23.9150913399,18.9831357277,18.8783796202,20.9392975137,22.3887240468
22,14,3,-2.2710531502814053,-1.7461491195246488,-1.3626158317396158,-0.8923877694866231,-2.200137885660798,-1.639131895798112,-1.317018234753938,-0.8473634545438866,0.1498135645466686,3.511927530450728,0.8258258258258255,1.666666666666667,0.1935483870967742,0.1935483870967742,0.4838709677419355,0.4838709677419355,0.1935483870967742,0.1935483870967742,0.4838709677419355,0.4838709677419355,0.8323472372101323,9.55256882489536,0.3199234328493923,13.385023042792715,86.28346738245577,0.1536301028496969,321.4651913988639,0.7061110593289723,0.5910607071380921,-0.3764003785359443,0.8129816974851609,0.9101752698191898,0.9511249444135637,3.0,0.3965252634953119,31.46399204201908,1.1223347445762646,0.8977780596792081,0.9214078710715238,0.9386582976668124,0.9598364153205692,0.9011385402613132,0.9263680924935744,0.9408339175919758,0.9619433801462222,2.3405004828223825,25.2604994531,21.7001141368,19.9244831464,22.9072903136,25.6520995632,25.3199946338,16.5047798518,17.1994694909,20.1478973847,22.8517267023
23,14,4,-2.3380156918218447,-1.850168538672444,-1.444961550206397,-0.9020233189334306,-2.278976608236869,-1.8340520022873288,-1.4371094277024046,-0.8980540916295219,0.1503512714273621,3.20262069365765,0.8058058058058055,1.606606606606607,0.2258064516129032,0.2258064516129032,0.5161290322580645,0.5161290322580645,0.2274032258064516,0.2580645161290322,0.5161290322580645,0.5161290322580645,0.8377918180828667,9.896609510238433,0.2742429969404313,11.33332091573766,68.37067857909915,0.1808142603157919,271.13186669582063,0.6855699343035027,0.5955637091394264,-0.3982695356270892,0.8105053092067668,0.9093820627791092,0.9530114980025552,2.0,0.3721635784190293,29.9176542493892,1.131860672677131,0.8947415948269896,0.9167341909136256,0.9349737553218572,0.9593981463570348,0.8976139511033441,0.9176290212887718,0.935442980534567,0.9596565709753828,2.2046563618190658,19.5942392486,24.1660097819,17.6513356448,24.6285466561,14.5220828937,18.3885578928,23.2732507949,23.3319957167,19.4571648453,21.4940032167
24,14,5,-2.2174973195068617,-1.7459679513074704,-1.3276454830083662,-0.8134844812087323,-2.175704491171233,-1.7028331292373284,-1.309073590827163,-0.8075064467281425,0.1503273491873447,4.223044187206672,0.9259259259259256,1.666666666666667,0.1069999999999997,0.1129999999999995,0.3548387096774194,0.3548387096774194,0.1145,0.0969999999999999,0.3548387096774194,0.3548387096774194,0.8343314938736246,3.93278154105183,0.4340648637776846,16.61043029533213,147.538178230445,0.111778738293656,250.69807597431608,0.7607292716619061,0.5843895930620414,-0.4021349349022528,0.8084963174022669,0.9089147726603246,0.9500287718454644,2.0,0.5007942552573842,29.13191406428411,1.097216445418395,0.9001700105854897,0.9214247333531576,0.9402342157988108,0.9633842041394196,0.9022449243554328,0.9234902957519506,0.9412032235480462,0.963723635503204,1.5651314661840452,25.5080209661,22.2391229219,17.4504563918,27.1880226424,20.3196794232,24.0058819891,19.8882389709,20.8781258675,25.3004810062,17.6908893594
25,15,1,-2.761649162197074,-2.2186876776176483,-1.7330944958216588,-1.1676334506478607,-2.6606702480163147,-2.118997072688824,-1.6543355134848774,-1.0544804219549189,0.148183665950338,48.605642321421385,1.9469469469469471,2.747747747747748,0.1275855214089685,0.1242158169130945,0.1219670787952779,0.1186695025759314,0.1239328409590487,0.1237259508572641,0.117138896716886,0.1217893448145607,0.8391208109898689,24.83078082700521,0.4644007996440246,212.63854310050735,102.60861823819891,2.090529120995569,5356.46856580438,0.7004841033524595,0.5823882588392262,-0.3830168720921418,0.818784154197882,0.9125245846159252,0.9628873403083792,2.0,0.5536308573237689,8.520002871333062,1.1092267875742652,0.8756997805434692,0.9001217806767026,0.9219825838751436,0.9474326069658024,0.880470543614812,0.9047940475128862,0.9256454695689444,0.952634610580742,3.067482526969499,537.7169024218,597.8873575239,582.9103821026,548.7402583718,607.5014443749,671.3790350437,529.0598769584,606.4487463423,515.1287756596,564.5029784556
26,15,2,-3.0463536349558,-2.4027821208920166,-1.8819746679330311,-1.195624381451834,-2.993253653784855,-2.356795551438473,-1.8495488447870605,-1.1781816485548369,0.147697098712141,25.49214654451421,1.706706706706707,2.5475475475475475,0.1099999999999998,0.1023960632094195,0.0904118654864174,0.0916415038879881,0.1069999999999997,0.1139999999999998,0.0913297450430505,0.0930061442410872,0.8302966612432003,85.28872039278144,0.4299090579480064,120.96284831487156,61.4814179893987,2.0438678854583934,2855.878811919343,0.6813921616324787,0.5813875917278185,-0.3281209121240328,0.8202596084140823,0.9136408725303272,0.967455024951392,2.0,0.4988704015651843,6.941244774970468,1.128119638950848,0.8628841251896708,0.8918445905541204,0.9152911880827216,0.9461778868507756,0.865562582481636,0.8941064284458791,0.9169217345918776,0.947068046527448,5.88588018286427,623.8830779304,625.3452479244,466.3405734314,598.1988819703,564.0927574975,575.9562430068,576.8275831688,544.6102192733,562.2746340856,601.2689166811
27,15,3,-2.9103701046732446,-2.293723062638797,-1.8299120935472644,-1.173973694028586,-2.836009163452122,-2.23406521749199,-1.800553000242818,-1.163645796200225,0.1480219243323381,30.653952950565294,1.766766766766767,2.587587587587588,0.1049999999999999,0.1029999999999997,0.0875189807073619,0.0877368234270338,0.1029999999999997,0.0990000000000002,0.0874761528092149,0.0891068675505576,0.8367629178037235,27.82225521811132,0.4109528187881471,124.88748008947309,83.93228254298913,1.523556201748934,3006.45579874145,0.688975158973046,0.5865577051367579,-0.3811748207631898,0.8197218474238627,0.9134507597775416,0.968115515203848,2.0,0.5217862915866307,5.125621723701954,1.1091436344988357,0.8690130301213431,0.8967689827195455,0.9176293914098048,0.9471631520683174,0.8726013125328484,0.8996429923244798,0.9191318121859696,0.9477336508031488,3.420767278824635,614.2612936457,545.0208004127,530.1394858004,486.2336725766,586.5076547672,551.8516353308,694.9121740578,596.3215270643,639.2473270823,617.1472224887
28,15,4,-2.8557026262088048,-2.200805330489146,-1.729600804011623,-1.05943218256097,-2.808977704223185,-2.1554247507552446,-1.6935834194511177,-1.037651308357198,0.1483074362313992,35.20031472796683,1.826826826826827,2.687687687687688,0.1153377916766083,0.1223469312207108,0.1129373201864194,0.11350982249634,0.1165937769440427,0.1198245614202868,0.1116971945204217,0.1137046770422299,0.8305716280344619,53.32958752391497,0.4891454506975459,218.70235092327124,76.04014554201649,2.928549378970226,3531.5216482366345,0.7351593956178007,0.576717811874583,-0.3408782192435983,0.8193426784950153,0.9128919309461508,0.962836882717894,2.0,0.5495253967970024,17.595904396565,1.1078041892290846,0.8714729437114817,0.900941690344734,0.9221291811195635,0.9523145929021496,0.8738357301440867,0.90315682541771,0.9239170043485648,0.9533849284397976,4.956728121275685,628.8858975657,602.3249941925,598.419852726,551.3095030426,531.3197399394,609.5074074337,556.948393914,618.9236836537,590.112300541,574.9523133576
29,15,5,-2.7244036188028264,-2.105039592336535,-1.6030653584907135,-0.9472848901164764,-2.6443408015140037,-2.044313711355988,-1.5632215846330375,-0.9178986625297298,0.1488551762085818,64.09244019356457,2.1071071071071072,3.308308308308309,0.1054999999999997,0.1255000000000001,0.0929774625293873,0.0932689633843117,0.1140000000000003,0.1145,0.0927070309515694,0.0922492666516179,0.8224027602413959,45.70354802982686,0.4213228670460208,400.3368708495577,57.623942988174576,6.452685606513107,5596.523949478004,0.7005695404659498,0.576050700466978,-0.2646328084292866,0.8158215765971474,0.9113642399190424,0.9583751035584231,3.0,0.4578916979099929,44.79703140903746,1.1422819543584135,0.8773864470840962,0.905245317038262,0.9278405817530558,0.9573629292743776,0.8812430964930356,0.90814943238528,0.9297689415324926,0.9587737185433236,5.495775025244172,571.3987137586,524.6766537062,454.7767572369,390.9937819524,534.1910747353,665.3652691402,616.8212343617,514.3149226983,583.4960260405,541.0611169802
30,16,1,0.0417791488303933,0.0231605029126527,0.0188489459623113,-0.0005325415634622743,0.0254941562280013,-0.0022003078126875,0.0190256505656343,0.001855908849901,0.1665142460482179,0.944257242605741,0.2052052052052051,1.0660660660660657,0.2504199695936092,0.2503913517205379,0.5641961157166091,0.5671330448419571,0.2476946001402556,0.2495849019561836,0.5700406360484367,0.5681799035195143,0.8661442617038552,0.2480937258945474,-0.0004816148563679956,0.2843048707542869,70.08540013510736,0.0043314214642728,152.6581852939872,-0.0353273827718605,0.6649432955303536,-0.5750425222042057,0.7460795775904756,0.8882759134845046,0.869892165695404,1.0,-0.00027981459580228574,103.83386187265867,1.6745822675398108,1.001880737350513,1.0010424666441762,1.0008483958123544,0.9999760284098648,1.0011456865686357,0.9999011709054324,1.00085448332098,1.0000833574804613,0.4312444498593035,26.8441419704,28.8396229892,30.6074948181,28.1699799037,23.7640599308,21.9015689695,23.925086452,24.647047612,28.6581170257,29.3335193284
31,16,2,-0.0106119055331603,-0.0139558263068284,-0.0193814489143058,-0.0131088967032617,-0.0289686650419156,-0.0117479941400802,-0.0129502498225519,-0.0070369262302989,0.1662001830678706,0.9224970052592174,0.2052052052052051,1.0460460460460457,0.2475493089725892,0.2498128968444233,0.566495536740708,0.5675925165771212,0.2469633591552109,0.2497629027480928,0.5656928332293076,0.5654174141272071,0.8653495373176072,0.3171428579582107,-0.00034260947444719747,0.2845877321770114,87.93847349612517,0.0029724449565824,-274.04328667424875,-0.0345878540457731,0.6642761841227485,-0.5770804534685372,0.7486749822585466,0.888520939073798,0.8711284017977063,1.0,-0.0006693146670837535,82.9760486883051,1.6746783458803902,0.9995222852461708,0.9993717238968672,0.9991275449075075,0.9994098937823148,0.998698808679152,0.9994721632343104,0.9994180894683842,0.9996838992893596,0.4616676817063913,26.2999021846,27.5793825323,28.6996704476,29.5679949793,26.5243367949,28.1810491373,29.6093988321,26.7557883093,28.8263708445,20.7114147079
32,16,3,0.008505798869324,0.0496819017869381,-0.0024112878669519,0.0031014730933627,0.0116414334073269,0.0445667353679617,-0.0005043602309271478,0.0013411375653387,0.166442820943019,0.9224970052592174,0.2052052052052051,1.0460460460460457,0.2488926841732017,0.2514473209656579,0.5661454351433493,0.5634798002038042,0.2484096285653844,0.2493262462358118,0.5628317067305362,0.5672723716220543,0.8651827545822156,0.2534546552677459,-0.0002839494862419967,0.27633240115259,88.37879481849129,0.0027494019625724,180.54141507862727,-0.0335197727574478,0.6634422948632421,-0.5790874291567949,0.7468056697308635,0.888346413516315,0.8697423366055662,1.0,0.0003144187297572931,75.5168359424814,1.677799967846196,1.0003828774958552,1.0022360618074504,0.9998914773178312,1.0001395874211825,1.000523124185055,1.0020020560361127,0.9999773435872436,1.0000602395781786,0.4331359958527203,29.3548131095,25.2710401623,27.5276907586,27.6801929679,27.1803520756,23.4746449275,25.9894801241,27.9680785167,26.3172989561,28.9729725485
33,16,4,-0.0043878958112468,0.0076724270571961,-0.0069602024652368,-0.0086107001118911,0.010083385115303,-0.0004925440042704565,-0.0103030688199634,-0.0149036486945792,0.1661755794822134,0.9660174799522646,0.2052052052052051,1.1061061061061055,0.2539963458375402,0.2544998473575244,0.5690462083871293,0.5688452779235202,0.2550040875622225,0.2533792420499841,0.5684245069514715,0.5692075620906366,0.8659627802709007,0.2510709317301807,-0.0005732632775974356,0.2722838083351919,72.49749776784063,0.003694072773597,-436.3935076578754,-0.0281732810511194,0.6637758505670447,-0.5767132894620927,0.748757818473563,0.8885662296047998,0.8718774918109891,1.0,-0.0006640383156921725,92.24413480372344,1.6711733280800645,0.9998025251609912,1.0003453150617792,0.9996867107570122,0.9996123959526872,1.0004530125663642,0.9999778746526808,0.9995371391860908,0.9993303328877766,0.4368757214178902,29.799295319,28.0470172812,27.8165648488,22.5674633563,19.5860121538,23.0640004432,26.9015933289,21.3782842776,23.3986843067,31.0732446679
34,16,5,0.0148301634329168,-0.0044054449909758,-0.0170327296341543,0.0004353468455633447,0.031426371813259,-0.0004115870305643199,-0.008300093255027,0.0015782603975402,0.1658095146685612,0.9660174799522646,0.2052052052052051,1.0260260260260257,0.2516172701116668,0.2548428327921963,0.5680005100509973,0.5682161965634926,0.2494796477399296,0.2510273007364283,0.5673324995884165,0.5668963141173856,0.8656540707730046,0.245700789258495,-0.0006232122174039123,0.2823547398834762,87.81094624083721,0.0028069430905372,24.02174608990257,-0.0338172725322526,0.6647765176784523,-0.5792128996524193,0.7464201381438538,0.8885339366801498,0.8715034937534553,1.0,-0.0015081920856599,88.22661496844381,1.6719440791314897,1.000667501875068,0.9998016820010394,0.9992333505767012,1.0000195946043868,1.0014120309991448,0.999981519780137,0.9996270830657492,1.0000709134125747,0.4255774892898799,25.8334882178,24.3141383719,27.0387435282,28.1627442494,29.1555082901,28.9086681622,24.0409134611,27.9967677027,24.9361223396,26.7458284157
35,17,1,-2.221383088832852,-1.706403642627782,-1.2871842636501931,-0.7485653395087795,-2.1411257529359844,-1.6696456349165203,-1.2655812820661136,-0.7382223809512887,0.1521666883276527,0.6995920165435374,0.1851851851851851,1.1061061061061055,0.2180213064197276,0.2173510697086692,0.4364801804286299,0.4444849831433189,0.2118266211882427,0.217605001192009,0.437617305644435,0.4423209507171128,0.8124101871245017,13.412603708695428,0.4550602467433209,3.275772451439365,38.60863437245577,0.0840028966839714,39.39251337924124,0.7825230891490215,0.5892261507671781,-0.3422155923211971,0.8045303233095034,0.9071392480979924,0.9436295540950688,4.0,0.4867859987551597,41.44935428254229,1.098860433383107,0.9000226957895556,0.9231976445236116,0.9420506754978164,0.9663073260860072,0.9038057594493454,0.9250023670169004,0.9431585021384,0.9668418245444586,2.761543403695601,10.2725955162,9.0710889223,9.0376746255,8.8938056676,10.5753239736,9.7560712084,8.9258818218,8.7959342574,8.4277045375,9.4124801158
36,17,2,-2.855062966386233,-2.186624905346685,-1.662418723422871,-0.9237577510732552,-2.4036330975351774,-1.892759578141728,-1.4332778004577502,-0.8274518178577512,0.151414965122898,1.1092898648952227,0.5055055055055053,1.846846846846847,0.4158068762009741,0.4106065048333979,0.4193548387096774,0.4516129032258064,0.4142415403733772,0.4113082918117555,0.4516129032258064,0.4354838709677419,0.7760949676720769,31.774395380920108,0.5055045618904017,14.336170120927186,46.391270249112615,0.299561565848549,142.77243912086303,0.8403094636368723,0.5823882588392262,-0.2418410768333517,0.8074472967746706,0.9074483723711289,0.9436113989663838,7.0,0.5298317318128214,75.26972959125958,1.0729073023202074,0.8714825011085092,0.9015991279933252,0.925176616973424,0.9584262942376516,0.8920537108864006,0.9149685907617368,0.9356245028150598,0.9628293729678634,4.460553062967623,10.1455844055,9.4894533819,10.2217528238,5.5637402221,8.22988687,7.8264278539,10.0581867835,9.1635267799,8.3597592104,8.4477984927
37,17,3,-2.0193491895242737,-1.563672241121015,-1.2153015619658485,-0.7439894474271522,-1.9053984229265009,-1.485853340853689,-1.161349344658266,-0.7091292567723197,0.1519915689837529,1.2738113231864785,0.4654654654654653,1.4264264264264268,0.463200533254709,0.4586972278350729,0.4838709677419355,0.4838709677419355,0.4636690403000048,0.4623879418647185,0.4838709677419355,0.5161290322580645,0.8075963003644794,16.22671519863173,0.4630733460771439,7.671484078934496,41.031481074698185,0.1824315381424345,369.2449467750223,0.764907319015951,0.5845563709139426,-0.3347692114606313,0.805057060544253,0.9073632037262442,0.9417365607388528,4.0,0.5037903601726887,76.58456081196414,1.108379978414487,0.909094578722142,0.9296179320249328,0.9452946647442124,0.9665146041711914,0.9143985975163134,0.933262046104782,0.9478362380421456,0.9681396684403708,3.0575269217882965,9.310003273,10.4018236106,8.2962134153,10.1179309756,9.8665432648,9.1117718061,7.0690740684,9.8902215327,10.7182501802,9.571903929
38,17,4,-2.478880324971728,-1.9439981268686868,-1.5628608897211294,-0.9928983566659292,-2.4057995209342438,-1.8733154132360357,-1.4765435647742748,-0.916660396417342,0.1519806225282868,0.441209286319119,-0.0150150150150149,1.0060060060060056,0.1110040142686402,0.1230000000000006,0.4516129032258064,0.4354838709677419,0.1102203441852141,0.1108026185896097,0.4516129032258064,0.4516129032258064,0.8128552701510697,21.48202823857665,0.3657603090205205,2.4839747204745484,50.91980999022657,0.0485295096216572,78.75580387094784,0.6218270829762924,0.5992328218812542,-0.3152358818276479,0.8030374282036545,0.907977561430259,0.9491506895663274,4.0,0.4206054553355766,39.26270943539636,1.1677797908658816,0.888433710185363,0.9125015338070496,0.9296564227865296,0.9553067366933692,0.8919060176655882,0.9158293870108144,0.933654174985142,0.958822993355433,3.551487315627627,9.44940566,8.7497530445,9.6714943916,8.299396573,10.1481927082,9.5278195247,9.2345468495,7.2183700579,8.8650595858,8.5631132173
39,17,5,-2.1798566853137977,-1.7103530454859364,-1.4079866994198476,-0.9253688910466024,-2.101292008257227,-1.664231155353329,-1.3504134912185215,-0.8533929799792332,0.1519249623185239,1.1354562487518622,0.4254254254254252,1.566566566566567,0.3909597706325215,0.387027535174512,0.5483870967741935,0.564516129032258,0.3887301859365308,0.3866105604433386,0.5806451612903226,0.5806451612903226,0.8051020263492923,40.491930536907255,0.3919778382685143,10.969468906266208,84.95575173890859,0.1245376321167003,-49.25589857391815,0.721552427317765,0.5927284856571048,-0.2736201232317339,0.804211153294623,0.9078075548465117,0.9452925630596458,4.0,0.4213980137403614,78.03568196145102,1.1273406341923526,0.9018959175631396,0.9230271208436251,0.9366247365235169,0.9583496293520228,0.9056279743887948,0.9252388477580016,0.9393431270184708,0.961665364310708,4.997462617455694,10.4959505345,7.754442563,9.9632954294,8.76571182,8.713857248,9.7874807531,10.3508280937,11.2698426608,9.4050652682,8.9076833904
40,18,1,-2.1315991420944567,-1.6434541502193998,-1.2463471415954608,-0.7314932441109896,-2.0563182637452435,-1.614411619241535,-1.2286884588229778,-0.7271359667695467,0.1523866134857925,2.7889802923804394,0.7857857857857855,1.766766766766767,0.3548387096774194,0.3548387096774194,0.5741216862833403,0.5643617924592119,0.3548387096774194,0.3548387096774194,0.5613250312500813,0.5635216422325985,0.8106951465375561,14.20725481044557,0.4577115227470563,14.075139024179547,39.88023399484341,0.3533999208014651,210.1405371909925,0.7859660518081685,0.5895597064709807,-0.3339740305532286,0.8034576824151691,0.9066485317508262,0.9409597223779652,4.0,0.4880295030743244,52.145700346962585,1.1014254515554125,0.9040603109615676,0.9260371848174248,0.943908075475418,0.967072888620638,0.9076049429957416,0.9274906863551752,0.9448036107750072,0.967335037064842,2.901167196506397,27.3968175617,32.8851239421,38.1800538758,31.8710151311,30.5571548422,36.4592652183,39.9714353825,32.4606995475,31.1609718235,36.1395105834
41,18,2,-2.7979382518443217,-2.261088563141412,-1.6752178901758352,-0.9392609786740492,-2.363759744833647,-1.8784083090516592,-1.4259378902022934,-0.8289732647752626,0.1512538907196417,4.422273980505897,1.0860860860860857,2.4074074074074074,0.1132174574820193,0.1101414168817273,0.4838709677419355,0.4838709677419355,0.1105109801428038,0.1093000939633414,0.4838709677419355,0.4838709677419355,0.7761912139818867,32.66480003147058,0.5044436201454432,55.351182954318574,50.30959311941716,1.0781069505336391,504.7454190517276,0.8384254622086439,0.583555703802535,-0.241455150439515,0.8051718161424909,0.9074433469886498,0.9420598749153092,6.0,0.5301735901102889,95.32585943484938,1.0747030473265164,0.8740566955315374,0.8982039951791957,0.924593534536858,0.9577251102815044,0.8938152190179138,0.9156175704715928,0.9359444358668496,0.962747215477084,4.453679420055989,34.2058632481,29.4980352958,32.8914001521,38.9399182815,36.2619956282,35.0699691011,28.3985929454,30.9777943384,34.968254697,27.9945130276
42,18,3,-1.965681315908288,-1.551249168317918,-1.2218086187200203,-0.7453540947222308,-1.895220579075808,-1.487361691223814,-1.1565738815003694,-0.709645913936777,0.1520183792567319,5.078152112327671,1.0660660660660657,2.027027027027027,0.0974999999999997,0.1174999999999997,0.3870967741935484,0.3870967741935484,0.1054999999999997,0.1080000000000005,0.3870967741935484,0.3870967741935484,0.8076427853065349,16.01463029550074,0.4467184877697684,29.011452165760893,40.5608683370195,0.7241958839137923,646.5162255102807,0.7499091822151187,0.5870580386924616,-0.3325786117886544,0.8028600977280539,0.9068260886347974,0.9403754362459652,4.0,0.4837974711153266,67.9390910120668,1.1159563491502835,0.9115239759043208,0.9301677044058628,0.9449961783834012,0.9664477997385668,0.914866379574709,0.9331698658090164,0.9480196022432464,0.9681209519925495,3.0455994838898133,37.7713316243,36.6058871784,38.0332789916,33.8900421125,38.4323005477,35.574833594,33.954460416,36.4965261093,38.5676345215,32.3357353393
43,18,4,-2.301550735856244,-1.840302147353194,-1.4863224443962029,-0.961270891153795,-2.2329915869570627,-1.762619706764163,-1.4108910220163793,-0.8972833067020911,0.15250838600568,1.8418966807997108,0.6056056056056054,1.626626626626627,0.59918951790215,0.5949048973196189,0.3489530179691205,0.3548387096774194,0.5984442550370778,0.5932099096270246,0.3491868258327844,0.3548387096774194,0.8115259484492781,20.698715825285305,0.3779401075994559,10.216827181384508,45.57339178393166,0.2218802537100197,203.7045892145783,0.6391013420122911,0.6020680453635757,-0.3150441997996377,0.8018634956585411,0.9073050345880188,0.946034170829026,4.0,0.4263195792696531,32.57704020871178,1.162359467622272,0.8964174661756437,0.9171741379379876,0.9330948142616424,0.9567290005618392,0.8996747332245745,0.9208145124623284,0.9366171080306116,0.9596975059663416,3.558388196066056,39.2851383708,30.4481855099,35.141702113,34.8677791936,34.4370018954,33.2215275854,31.8755479987,32.3699001553,32.2370916742,34.2009567279
44,18,5,-2.132900955420981,-1.6562452716484426,-1.3628404580862856,-0.8930801233258716,-2.065996071254352,-1.6153846062177664,-1.3011918772066569,-0.8425304741343851,0.151951773632451,4.630902801799737,1.0260260260260257,2.1671671671671677,0.0994999999999999,0.1119999999999996,0.4193548387096774,0.4354838709677419,0.1135000000000001,0.1124999999999998,0.4193548387096774,0.4193548387096774,0.8066477512266745,39.59486430166173,0.3880638363262182,45.09364169476834,74.57270275733418,0.6187838431533571,246.4464560512853,0.7151709875389418,0.5948965977318212,-0.2712909462357312,0.8031395711225884,0.9072586736385876,0.943922841541614,5.0,0.417128551265825,92.7237855055374,1.1305285792496167,0.9039856752937888,0.9254628787327412,0.93865868514299,0.9598023617548164,0.9071854470840228,0.9274436640147412,0.941554854474917,0.962154580934482,4.981393537126643,31.667300955,39.7508400784,32.9959370857,39.3829091978,32.2956657523,31.7195029418,28.9884214048,38.4719941994,35.4400671311,37.0281455379
45,19,1,-3.659681190405165,-3.032420326090838,-2.5491965075427068,-1.7646212327803337,-3.682884396279121,-3.0522907729804576,-2.540878919985033,-1.7514521410945267,0.1473681446979435,0.8033501977124734,0.1651651651651651,0.8458458458458455,0.2252685220301931,0.2277378272569587,0.5806451612903226,0.5806451612903226,0.2195431256775219,0.2194091005721731,0.5806451612903226,0.6129032258064516,0.8526747552328048,3.782688640813247,0.0337987390550239,0.6533138044984748,69.67293522961826,0.0098684854342684,-39.63421010593987,0.2363108617678244,0.6130753835890594,-0.502542684446216,0.8205853585961006,0.9160974021734014,0.979778987926024,1.0,0.548513697904822,1.7765936015833717,1.2008096664263452,0.835294907125455,0.8635208155760425,0.8852498003727153,0.9205755173670817,0.8345808230147278,0.8628960142998212,0.8858689241185942,0.921316466585353,1.368261027530682,15.7294000605,13.7759245616,11.771577827,14.4216158579,13.0325064196,14.6320229415,13.2177346556,12.8292767283,15.1877501591,15.2047776963
46,19,2,-3.6257117359759423,-2.9803326632977623,-2.4863585408129047,-1.741865009890201,-3.667574086510488,-3.0015513139618,-2.496507924020154,-1.732414738404234,0.1476168047832564,0.8033501977124734,0.1651651651651651,0.8858858858858856,0.2425761343443447,0.2430157521845873,0.5806451612903226,0.5806451612903226,0.2443295133960637,0.2413046284591309,0.5806451612903226,0.5806451612903226,0.851280867804844,4.249783958462318,0.0327254860431682,0.7716241824821559,75.11415655976737,0.0095848503525997,135.45052636338568,0.2496674366374764,0.6109072715143429,-0.4969402569568115,0.8202037733761106,0.9164850503917322,0.9799091496633086,1.0,0.5351663884387645,1.7180029206250975,1.203014848580087,0.8367880902642744,0.8658497696381766,0.8880893959476235,0.9216030645663954,0.8352713451805291,0.8651904489009012,0.8878529517437527,0.9221781219471544,1.441385945721589,14.0747148108,13.2392735742,11.1393369142,12.2165731635,11.5813499564,14.084493686,13.9386219756,14.1147394708,14.5176191475,13.6956226224
47,19,3,-3.65120079726214,-3.012080334866329,-2.516820515480836,-1.7231089118094136,-3.664723031363838,-3.0271934513932006,-2.520857388184618,-1.719439547929138,0.1473514638612837,0.8033501977124734,0.1851851851851851,0.9059059059059056,0.2451733430334061,0.2446609068443372,0.5161290322580645,0.5161290322580645,0.249320281087621,0.2475358535675335,0.5161290322580645,0.5161290322580645,0.8488573620086577,5.028255784449648,0.0377236829572271,0.9459028116701542,90.73362498773407,0.0116608536290649,279.68557924621234,0.3371648657924294,0.6127418278852569,-0.4615205714683158,0.8204858157303077,0.9158929866178732,0.979598970100282,2.0,0.4984869819412419,2.4719072182382726,1.1854261971842064,0.8356495517340975,0.8644453671856411,0.8867000769944176,0.9224412957200224,0.835400557716294,0.8640097707438269,0.8867548640403864,0.9227669833583788,1.6359230309376305,12.7838607786,13.3014343618,10.4571805329,13.4637543622,13.5918935017,13.3792870166,14.4131249301,13.4108838771,11.4861666668,12.6449756372
48,19,4,-3.65336476898494,-3.0361096484229133,-2.541657470128808,-1.761215908577105,-3.694528610522205,-3.0625103711095623,-2.5487249935477383,-1.7447771563784649,0.147728666670227,0.8033501977124734,0.1651651651651651,0.8458458458458455,0.232229675447,0.226379339156519,0.5806451612903226,0.5806451612903226,0.2344167097702599,0.2330923097333854,0.6129032258064516,0.5967741935483871,0.8525718589941962,3.6818383165655386,0.0354763562033301,0.8257045997922317,103.43307660832596,0.0074231536010375,4.537171025688226,0.2260771809993967,0.6130753835890593,-0.5054776129363712,0.819526199249903,0.9158550595218234,0.980088198319151,1.0,0.5484237661057725,1.905807614745548,1.204592670864498,0.8355804969193945,0.8633584797931496,0.8856011227549339,0.9207250165023206,0.834066095149645,0.8624178936987873,0.8855061787423606,0.9216165748007468,1.3809880249969195,12.6988612516,11.5125902138,14.8058593929,12.7620370079,14.2370226846,14.5543853575,14.8685166905,10.3196864875,15.0125012618,13.7697498981
49,19,5,-3.646615303350668,-3.039333574540054,-2.5365694266737453,-1.7608174991612149,-3.641410850941078,-3.056013592080342,-2.524303199114293,-1.7534120701536349,0.1475451785679384,0.8222999513430427,0.1651651651651651,0.8658658658658656,0.24264764768698,0.2377943938896497,0.5806451612903226,0.5806451612903226,0.2357958260284914,0.241259759823697,0.5806451612903226,0.5806451612903226,0.8527461445509588,3.9836987206449233,0.0540753384220681,0.7155430235907922,84.79768162731776,0.0081595538155108,-549.2716482792254,0.2557018162115976,0.6129086057371581,-0.4924297269387905,0.8211537513316952,0.9162885217304038,0.9809657590239216,1.0,0.5419783434515607,1.8072641049830456,1.204740372925138,0.8358668373373903,0.8632019087426788,0.8858406985732357,0.9207391158098368,0.8364566993793641,0.8627173755597586,0.8865977307672801,0.921234234417032,1.4290988803877889,16.1676848075,13.8959379935,12.9421513234,12.3177153227,15.1417362777,15.0476559701,13.592526242,10.9010471128,14.5933664208,12.9475792139
50,1,1,-3.6633779481714,-2.913281784438009,-2.3475283458331333,-1.5831363396747768,-3.574413557952996,-2.8400637277729235,-2.281088690491149,-1.5135578625594608,0.1451359675281221,2.543345761304648,0.6456456456456454,1.1861861861861858,0.1059904512276847,0.1074999999999999,0.2580645161290322,0.2580645161290322,0.1099999999999994,0.1019999999999994,0.2741935483870967,0.2580645161290322,0.8518770293980928,-0.0705324985662148,0.7594129731841326,7.9676267477905505,124.93323157509974,0.0638814227200859,470.9119466067377,0.8007922988661458,0.5755503669112743,-0.4852518807998504,0.8302077432449487,0.9180446908290224,0.9846933926885194,1.0,1.0,1.0000000000000102,1.0,0.8350933080097638,0.8688806831077425,0.8943239520378523,0.9287421343381218,0.8393488196793464,0.8724154718664525,0.8975233692182965,0.9319938347193713,0.1992139551689183,44.2893925902,48.5458227106,52.6163842087,49.4119833805,49.1836109734,55.4867889527,45.6166826411,56.0844808331,53.395305778,42.8103724198
51,1,2,-3.4250493197832608,-2.668732403028251,-2.132103448477702,-1.3909438851621072,-3.3290656490564867,-2.5992703068882648,-2.095439554768058,-1.36307349491641,0.1454647613858494,3.0583380323784315,0.7057057057057055,1.2462462462462458,0.1114999999999999,0.1080000000000001,0.1290322580645161,0.1160832515906841,0.1154999999999999,0.1039999999999996,0.1290322580645161,0.1451612903225806,0.8504764855340774,0.0461425810100468,0.8110457004412555,7.976596199686899,38.54821594874289,0.2093759738884241,856.2418365267393,0.8430828899052492,0.5708805870580387,-0.4896070889142161,0.829271006072581,0.9173889296855132,0.9802996715695156,1.0,1.0,1.0000000000000122,1.0,0.8458447740394293,0.8798821725920545,0.9040320699092552,0.9373891148283297,0.8504244371261491,0.8832436088469402,0.9058623318310836,0.9387532803513684,0.1710590808403781,41.542184215,46.5858079117,36.8233122566,53.0453832158,45.1571963276,33.7972798847,32.1022654929,45.2404000883,43.4047171148,38.0822375057
52,1,3,-3.5119747742783467,-2.7730734501940084,-2.256726276383999,-1.513701821090308,-3.395719484264633,-2.669639343932799,-2.1606791047589606,-1.444437557499603,0.1452283446325408,2.6633327251749805,0.6456456456456454,1.2062062062062058,0.1034999999999999,0.1139999999999998,0.2580645161290322,0.2580645161290322,0.1028981019148626,0.1235000000000003,0.2258064516129032,0.2419354838709677,0.8515819447357966,-0.1346234123363849,0.7752563673644471,7.996180788856847,71.71654286274489,0.1118455699524044,158.8071965267377,0.8121425406003924,0.5765510340226818,-0.4788734774364125,0.8269168797334714,0.9179579566723997,0.9840119602835292,1.0,1.0,1.0000000000000089,1.0,0.8419085226893858,0.8751771631915538,0.8984094986490503,0.931868867522177,0.8474774030252086,0.8800858221371437,0.9029261651913748,0.9351202193269036,0.1818983731504923,47.0421935258,50.4091384289,55.5196308774,43.4376375705,43.1323707543,41.1677897494,55.5109301407,37.4271082183,59.0431786741,51.0096484182
53,1,4,-3.574121593211382,-2.815762124256929,-2.309669527690416,-1.5375360303884946,-3.464155856880444,-2.74721811371138,-2.242479231947246,-1.4754504590813724,0.1453434506568047,2.6633327251749805,0.6656656656656654,1.2062062062062058,0.1140000000000003,0.1059999999999998,0.1935483870967742,0.1935483870967742,0.1135000000000001,0.1244999999999998,0.2258064516129032,0.2096774193548387,0.8517724835367824,-0.0616239341144599,0.7801093407423381,8.015391387461655,34.081577933869184,0.2363134487924386,263.7742384467376,0.818943033651046,0.5733822548365577,-0.4833062691658741,0.8292917422174907,0.9177130539763808,0.9825268338982648,1.0,1.0,1.000000000000009,1.0,0.839130990680232,0.8732481098045985,0.8960397177712561,0.9307859804603548,0.8443783414524333,0.8766093732440885,0.8992691575036316,0.9337140197447188,0.1799962800171118,39.0515883206,59.7659562711,48.8089624586,47.5954161207,50.8190308514,24.6153486492,48.7457232797,38.911287424,53.9232486996,54.1599264601
54,1,5,-3.7211991357595817,-2.9847018367835148,-2.427710177750693,-1.6513662471466173,-3.645835233692445,-2.9228694169107694,-2.3772560503165145,-1.6197294180533,0.1450615595906604,2.319345059274428,0.6056056056056054,1.1661661661661658,0.1935483870967742,0.1935483870967742,0.3870967741935484,0.3548387096774194,0.1935483870967742,0.1935483870967742,0.3548387096774194,0.3548387096774194,0.8549533943195226,0.0419901189463538,0.6619842881192735,7.228915605673933,78.12614020223937,0.0942241114425795,322.4059107667373,0.7214513689599168,0.582221480987325,-0.5125771000075499,0.8314644674706786,0.918675058356724,0.9871044339794172,1.0,1.0,1.00000000000001,1.0,0.8325265698973738,0.8656499726458459,0.8907165521804585,0.9256659545690014,0.836236903907344,0.8686605414713858,0.8932222545654942,0.9272255957720827,0.2022339703402277,52.2002178108,57.6011845261,37.9771840411,54.6616611884,56.5661590536,42.6258342076,28.6625507661,33.4570779574,61.3265655705,54.0280033326
55,20,1,-3.088852259550725,-2.3978265887406867,-1.8937512501652645,-1.236999056107111,-3.028951589558236,-2.3608842383150908,-1.866137596886329,-1.2073119289974752,0.1477458455891197,3877.828414589461,3.828828828828829,4.42942942942943,0.1215000000000001,0.1005332711522997,0.0949640209045947,0.0954064751254746,0.1129999999999995,0.1045000000000002,0.097086063257862,0.0963322859826032,0.8502616222503867,0.7652200896106574,0.6748210275065302,14482.073403519184,185.3756360381999,77.69784987844818,302273.2998224193,0.7807074908758438,0.5830553702468313,-0.4635513260968068,0.8194452406042148,0.9134778099223106,0.9659584562822194,1.0,0.921880496744834,67.71483182415008,1.000836469622064,0.8609703426946671,0.8920722019547098,0.9147554307583752,0.944319692370314,0.863953597692212,0.8939252758682014,0.9161722164538852,0.9457659397106116,0.7625963636108204,3687.3106387107,7111.8625590746,7091.3686861583,18222.7893596954,16371.2394451282,9893.3385803611,12052.8085967473,9835.1614682495,6748.189145433,15590.350517789
56,20,2,-3.024643587293081,-2.427629442612352,-1.957565642525351,-1.2528323623492437,-2.962903262391805,-2.384383880653381,-1.9298325425327327,-1.2342876062591497,0.1476691636780553,3877.828414589461,3.828828828828829,4.42942942942943,0.1090000000000004,0.1080000000000001,0.0855542977991974,0.0862668588140299,0.1140000000000003,0.1099999999999998,0.0851597363554339,0.0853098269364796,0.8491761668937245,0.5091219608722057,0.66348257659573,14532.542848453651,170.14038348982064,84.635677376968,310183.1363381413,0.7900301819800272,0.580386924616411,-0.4575921753213986,0.8215371471802408,0.9140592263668336,0.9677723245975208,1.0,0.914375611804776,47.171615651031786,1.0008151017369769,0.8638654587932785,0.8907269509243168,0.9118830964689904,0.9436025594379192,0.8668898830603863,0.8928834109063075,0.9133021698955336,0.9445449225778088,0.6973803210781557,7401.4135135271,12880.891784949,10155.8881932601,13649.918078694,19451.86541808,17308.6302068403,13090.214424449,11877.8841909437,12059.8234215685,9154.5872004472
57,20,3,-3.032955432948585,-2.430562096145797,-1.9362379411054016,-1.2848203484468623,-2.9903799247529435,-2.400140009956502,-1.9039095346426824,-1.2493337051393,0.1474271304247478,3877.828414589461,3.828828828828829,4.44944944944945,0.1150000000000002,0.1200000000000001,0.0866093635382165,0.0869160122081968,0.1149999999999997,0.1119999999999996,0.0850861024044859,0.0868594200985634,0.8481206450624774,0.5757577390465063,0.6846627427414702,14401.557455872557,175.8375467572314,81.3982779749364,308557.3994788863,0.7986940758028529,0.5820547031354236,-0.4444007988882645,0.8209970114372255,0.913803814734489,0.966352673647198,1.0,0.9222935864085936,56.66798286489333,1.0007880406525298,0.8634902134129177,0.8906018841280509,0.9128616075362084,0.9421726151456544,0.8656825377941263,0.8921900868570546,0.9144767195474346,0.9438714488706704,0.7483170123133206,9887.4545317296,6952.7479485873,19523.3779773835,9893.2697519338,11284.5730791884,12272.0252091227,16452.8155449861,12172.1923370561,14574.6519230097,13676.6466200828
58,20,4,-3.3194385016330354,-2.894807620032161,-2.197143125998481,-1.3203384094221189,-3.146118520562757,-2.508437686784072,-1.9948536342429524,-1.2537348422964063,0.1475671328387234,3703.1266758699303,3.828828828828829,4.42942942942943,0.1073259634739809,0.1057705584557329,0.1036306361314412,0.1009009980248633,0.1086397776138173,0.1060234921189094,0.1040966859274325,0.1024987634796139,0.84944762393219,0.6290839839343456,0.6902212745179633,14406.675760429109,164.35213195719885,87.12312639125575,301070.06085382047,0.792926577306898,0.5815543695797198,-0.4521905495333224,0.820991583486187,0.9142942532253824,0.9666267058939046,1.0,0.922952210561288,47.46056356523964,1.0007800796618995,0.8505679830524304,0.8697249185775386,0.9011009333678596,0.9405702387398232,0.8586800430074739,0.8873189174443277,0.910394988213747,0.9436863229607124,0.7320191729505814,12429.3221281417,18001.2297828601,7196.2315293082,11771.9091616906,6842.8760037552,12539.7021722484,11849.852328839,11780.9710041361,13325.9881783005,14830.1099846545
59,20,5,-3.08154868468689,-2.453265120775173,-1.93646582062034,-1.2911636025115565,-3.020520578528646,-2.42553655168614,-1.905666582668669,-1.241044128566836,0.1472821373292482,3877.828414589461,3.828828828828829,4.42942942942943,0.1055000000000001,0.1199999999999996,0.0936154224799145,0.0950884206686927,0.1065,0.1279999999999996,0.0943665808721848,0.0945198148079426,0.8466512947847367,0.6182432762941317,0.6879237133300665,14451.377966567394,157.21966224256013,90.93089893043393,303396.5858151264,0.7947471057492088,0.579219479653102,-0.4525773782606357,0.8212984232825078,0.9145099617469395,0.9671486244951676,1.0,0.9277407219071052,57.51112022914285,1.0007962446794472,0.8613097693074456,0.8895833919747093,0.9128466072188072,0.9418872556389122,0.8643281989718683,0.8910449849195642,0.9144044803309144,0.9442481939968508,0.7630880526399462,9558.0461050167,9599.0611384332,13048.7057782523,12855.7311762234,16095.0733183548,17278.0523984077,9555.3870827725,16954.5801739265,9256.8224008955,5320.9653527266
60,21,1,-1.8105556825934617,-1.6474822467364234,-1.4996838843141234,-1.1468820094265195,-1.7084438946658371,-1.555391563232579,-1.4180809351904315,-1.0973916984877992,0.1520265140140581,0.0167194975973199,-1.4164164164164164,-0.4754754754754753,0.1221119073523237,0.129,0.1192431391017359,0.1182736365895039,0.1252796772822823,0.1211693488649137,0.1189090350008686,0.1198752706860546,0.819636759444448,17.020747198189106,0.0633893504636345,0.0327544523071158,88.33228120979996,0.00034453011791253505,126.48147308605893,0.1988067712496633,0.6125750500333556,-0.6228937669180185,0.8000145164931556,0.9094556448559744,0.946028251212392,4.0,0.2156870526627193,3.3687340325697304,1.4106960052021265,0.9184993316240682,0.9258397941658784,0.9325057067732092,0.9483811818873862,0.9232511046727254,0.9301114353210288,0.9363090674584206,0.9506953185648572,-3.200103418466445,64.7964111986,56.7129930841,61.051880299,56.6672203648,56.8146896097,62.7754808468,64.9823753758,66.8683937976,53.6808146454,60.9770565874
61,21,2,-1.51299640659429,-1.3656847061813675,-1.247232294495749,-1.003875710026291,-1.4598338097536523,-1.344089415182799,-1.246245737831119,-1.0009749365316498,0.1529502374118092,0.0145600599502064,-1.4764764764764764,-0.5155155155155153,0.1125000000000002,0.1094999999999997,0.0932721507123047,0.0937949963598435,0.1059999999999998,0.1099999999999998,0.0934967605422951,0.0930637298181542,0.8187040048827632,20.67907066443225,0.0510227587823612,0.0267468150962271,77.78189680734806,0.00032312867501927604,84.23344958849984,0.1932415083556793,0.6162441627751835,-0.6243766207524573,0.7963352316392509,0.9080539160753726,0.9405502851223432,4.0,0.1787802096128828,4.634421036583664,1.429474788729215,0.931903195750996,0.9385332478419706,0.9438608635053016,0.9548172242616088,0.934415706089551,0.9396314466185784,0.9440303178072044,0.9550476163464102,-3.489779701397435,63.0819824389,61.4047957627,65.3004665764,66.7225812202,61.527998055,66.4046953318,67.8373840952,64.8987005098,66.9607063625,65.5037549781
62,21,3,-2.347460850977821,-2.001810052288288,-1.6465544295360903,-1.1840141889175655,-1.6877296898072611,-1.5853761539287472,-1.4010351563454897,-1.0979729880148137,0.15273486801129,0.0159662602210142,-1.4364364364364364,-0.4154154154154152,0.1269242084954371,0.1277022405295552,0.1245887817293803,0.1247081338149292,0.1286686146560633,0.1251469639518097,0.1229860303908012,0.1246810101530122,0.8175801253495742,17.79952238352097,0.1043825637503456,0.034095205867229,85.9016280111181,0.0003879040274441876,-285.1318736141492,0.223204789004638,0.6155770513675785,-0.58791586047325,0.798233647776627,0.9093107594554954,0.9438618308093418,5.0,0.2222615794773645,4.348842467803393,1.4019165910578328,0.8943583785414,0.9098946901226346,0.925887032961326,0.946706052325168,0.9241666542117232,0.9287698117993284,0.937061591514313,0.9506670797156748,-3.324465614610776,64.2989659535,66.7827200884,62.3808982112,62.7161124596,67.3889258171,44.950776845,68.6306863706,59.7264040623,58.9327703677,65.3070906626
63,21,4,-1.814393766724708,-1.6291641986754453,-1.4443161688774495,-1.0938887622325026,-1.7698737930354778,-1.614783324554976,-1.4371573007836442,-1.086139663414892,0.1519566828563164,0.0159662602210142,-1.4164164164164164,-0.4654654654654653,0.1192833386668096,0.1222422204368127,0.1140349170441405,0.1141197580916186,0.1193519358295326,0.1215545656607321,0.1141178416345225,0.1166583802838192,0.8166364891392268,17.747940988065494,0.0825576521893544,0.0357360633721728,85.76433259309351,0.0004154721921786442,53.1713237670611,0.2119975326731013,0.6142428285523682,-0.6296435198130049,0.8009773501364161,0.9094090971164868,0.9481023214686306,5.0,0.2285904926133727,3.2036432630210463,1.4014662267077016,0.9183263676497968,0.926657911799608,0.9349852996676512,0.9507686130158584,0.9205092547127558,0.9274658113665396,0.9354509873019028,0.9512113451089084,-3.2779735250393705,59.1228720141,61.0798893175,59.8747912786,46.8543448506,64.9878446631,63.9156959578,66.624000203,52.9517046244,64.8584160795,60.8463408655
64,21,5,-1.734951866407247,-1.5248509907964731,-1.3991239417054633,-1.1097989890638154,-1.6736557225060356,-1.5110862235678777,-1.3916417340701113,-1.1187671290181402,0.1522407236478694,0.0167194975973199,-1.4164164164164164,-0.4754754754754753,0.1194999999999999,0.1089999999999999,0.0917802715198707,0.0896967373512854,0.0970000000000004,0.104,0.087484666749461,0.0915408905955484,0.8225849223429996,18.99818693771114,0.0487401775101656,0.0294027150374487,66.35719913147466,0.0004241379402356285,601.1288689648856,0.1839175747743096,0.6159106070713809,-0.6250666439210537,0.7988540858956311,0.9092915741511634,0.9456759782587352,4.0,0.202799196046507,3.162939726413308,1.4265509828642997,0.9219112597754984,0.931355675972457,0.9370211136194456,0.950048869612054,0.9248180518349036,0.93211138196724,0.9374692541515838,0.9497437581824846,-3.3186271483591465,60.6798270542,52.436688233,69.0545783775,66.2789893097,57.8042308908,62.7610223607,62.9466152115,49.1559063993,65.7715539916,65.9740245674
65,22,1,-1.9520454481388168,-1.7017467495610283,-1.46843034953036,-1.1016124708511992,-1.893604746581678,-1.7002912080494443,-1.4429074615874915,-1.0865212965779651,0.1504102759945463,0.0055302242561929,-1.836836836836837,-0.7157157157157155,0.1323250020761872,0.1340463227191055,0.1270099666595389,0.1282194028313022,0.1301793687397469,0.1351011693685938,0.125737686006022,0.1299305262431069,0.7927860740407278,40.76867792840733,0.1280221156894501,0.022761370241639,38.69864630549067,0.0006231484611997122,-913.7607183101748,0.3096821147896493,0.6034022681787858,-0.5722710766220974,0.8060843147923533,0.9112277091332706,0.9528631086874406,6.0,0.2225606200732031,5.6565781404533295,1.3627290120919309,0.9121521522611636,0.9233957962865232,0.9339100180182528,0.9504125090638122,0.9149221307830372,0.923600786734325,0.9351809156137624,0.9511895785413556,-4.988009538063972,58.8646013147,66.4620495662,61.3917639569,64.0592683781,61.9034502874,59.8491553255,64.7049335526,65.180852477,63.3068639835,57.7381719519
66,22,2,-2.511569605004357,-1.616911368506587,-1.3544390963224746,-1.0466541215998395,-1.6690771548462937,-1.3495606276795211,-1.1986537943349642,-0.9932241780785808,0.1508218017888705,0.0048159579101923,-1.876876876876877,-0.6956956956956954,0.1769077267158105,0.1763679587834562,0.181299178346217,0.1792035358999801,0.1793251038986443,0.1790177083166937,0.1792430293312343,0.1797406530053231,0.7893912638868361,33.67221336397721,0.0968590091898089,0.0212394350312893,59.716522009362926,0.00035397962419207897,1086.2506211324403,0.3203526479432276,0.6015677118078719,-0.5272861322068132,0.802741412377096,0.9110205730566804,0.9514885988623872,6.0,0.1761404723845756,20.69959694187139,1.3429427458021834,0.8869360627790723,0.9272284480355512,0.9390418669046796,0.9528853171835674,0.925018963298566,0.9393861177598783,0.9461519782357072,0.9553819622965576,-4.622105616242879,67.0930405411,49.8005735159,36.0057604039,67.9053872009,64.3409742581,71.2630184684,66.8055113804,42.7655900571,71.0473203307,63.5095681826
67,22,3,-2.591103091958177,-2.217276351352197,-1.7058968752477757,-1.0917280368598767,-2.03256454072624,-1.7198766216896413,-1.4198275971382357,-1.0162552778313465,0.1500877796555407,0.0072922720587283,-1.7167167167167166,-0.5955955955955954,0.1651228367745898,0.1638593374384201,0.1661884448174449,0.1668172191176152,0.1642659561860643,0.1637169702807759,0.1675480376000769,0.1644880163235979,0.7929979785618058,28.40804363849857,0.1483226675516917,0.0382145284191537,102.6782594961461,0.0003705847255636701,36.99008401134826,0.3655013918306343,0.6017344896597732,-0.5535667823133429,0.8083536281148147,0.9120742822630908,0.9568816053433694,6.0,0.2429004024243938,30.378454596613533,1.3208055737223725,0.883367672776413,0.9001868894015114,0.9232139206896516,0.9508596624474092,0.9086750755950456,0.922741757989968,0.9362197725989782,0.954359463502738,-4.164237016388142,61.2875079866,49.4996294863,59.3074496261,67.6378358545,64.5666793067,63.6817097763,63.4004908711,45.7667515107,64.6374866501,60.6068883564
68,22,4,-2.3799352780463465,-1.9973673409073065,-1.7430369895706317,-1.2460429166121525,-2.3325529928619115,-1.9048665328072687,-1.6321268988208733,-1.197730998865783,0.1500191991632392,0.0072922720587283,-1.7367367367367366,-0.6456456456456454,0.1145,0.1155425434736658,0.0996486029313567,0.1010446426895186,0.1121880159677492,0.1120000000000005,0.1003211849172104,0.1015010986052311,0.793463728124393,25.245360251158303,0.2081271501955022,0.0342931803024927,89.51765900510003,0.000384887093791122,383.86539559568496,0.3731274960365311,0.6034022681787858,-0.5693690622328058,0.808852450201472,0.9118950624975144,0.957073907700478,6.0,0.3137319129690798,6.569170477420581,1.2992061962353043,0.8928684437419689,0.9101015531579788,0.9215484361527704,0.943914158715742,0.8952306454642328,0.9144201303208342,0.926667792872472,0.9462061427721272,-3.985355463699712,41.9120450821,56.0396963529,68.5019057791,66.2322431282,69.2728559844,52.0102083741,59.8852356994,65.4201448712,64.8721215424,60.9896003042
69,22,5,-1.7014706011898877,-1.5070245977274404,-1.3599565432630918,-1.0285184724464802,-1.6198258501559692,-1.475040661757017,-1.3253946480160046,-0.9883620693599316,0.1514443024180392,0.004391800892596,-1.916916916916917,-0.7557557557557555,0.1169999999999999,0.1029624146278587,0.0950992128837309,0.0954883029737219,0.1070000000000002,0.1064999999999996,0.0946330767091351,0.0955609159964008,0.7879909459762556,43.7279449166718,0.1267879644828303,0.0257745881830148,96.84587467986915,0.00025510978083336986,137.8548939745075,0.3128653995450406,0.6027351567711808,-0.5526884890694499,0.8039491963006524,0.909828790485952,0.9486203446524945,5.5,0.1904708386408076,13.739661122087064,1.3718784054024111,0.923422640985248,0.9321694647701062,0.9387862617611722,0.9537099049951824,0.9272206855171704,0.9337424026352148,0.9404625627341352,0.9556118883016104,-5.215504710866032,60.892511077,67.3326909948,60.6119550047,68.524294277,67.54821695,68.5587161793,56.8418148743,53.9648852937,67.7049786139,65.9596144526
70,23,1,0.0337227537445201,0.0474365626503576,0.0195085906910232,0.0072926350226101,0.0258091097016652,0.0349689203695735,0.0135794581212085,0.0053059293558472,0.1664826550934782,0.2314005380130654,-0.3953953953953952,0.6556556556556554,0.097104090237154,0.1094999999999997,0.0936560795038767,0.0930597954492728,0.1030000000000002,0.1129999999999999,0.0938971790154934,0.0933069059860086,0.8677561675914656,0.1154750497786614,-0.0008487260769201033,0.0662122758695502,93.21838183488212,0.0007031550838210985,21.970036123854754,-0.0350433073582826,0.66711140760507,-0.5749980660016658,0.745310761642536,0.8880757851378782,0.8695842753676484,1.0,-0.0015909019488653,84.17620599982084,1.6869205951557014,1.001517917269274,1.002135279954663,1.0008782149812343,1.0003283101641454,1.0011595042979642,1.0015706376803724,1.0006101951976765,1.000238388701995,0.4681629789597147,3.6618564432,3.6071302197,4.3792706219,3.6559419644,4.3359793212,4.4389436907,3.754320064,4.4245851047,4.1100479722,3.4243485027
71,23,2,0.0397924022324858,0.0158525717164845,0.0093583319993513,0.0034312261866578,0.0408606991348072,0.0164836649185105,0.012121514927248,0.0060273264978611,0.1666074962015893,0.2314005380130654,-0.3953953953953952,0.6456456456456454,0.1234999999999999,0.1250000000000004,0.0955460282221758,0.0958704497683746,0.1080000000000001,0.1154999999999999,0.0952849802114537,0.0957810290314044,0.8674419505049582,0.1044652556379321,-0.000979499561424069,0.068568412198058,91.74378314009614,0.0008109795928019103,15.09115473623439,-0.0354831074768541,0.6686124082721814,-0.5778855983120704,0.7455792199782199,0.8883373674468962,0.8700311681225819,1.0,-0.0011709082696981,96.96603089519728,1.685324926078027,1.0017910319377854,1.000713545533925,1.0004211490118446,1.0001544451541695,1.001835974550005,1.0007404820991272,1.0005444099976917,1.000270746369804,0.4659843140314893,3.8340428396,3.22602188,3.6997318991,3.3457483845,2.8943433535,3.4435989107,3.1486462649,3.5456446413,4.5451281157,4.4452440331
72,23,3,-0.0756979685273542,-0.0264595603417685,-0.0091064705387857,-0.0083034578004088,-0.0552732002715394,-0.0295827238204093,-0.0088466527681099,-0.0070299000556399,0.1663325506624413,0.2314005380130654,-0.3953953953953952,0.6256256256256254,0.1065,0.1110000000000006,0.0955934413281529,0.0952184214223319,0.1017110397183961,0.1074083892747812,0.0952814540479657,0.095116232794257,0.8671334013654308,0.1331616122818182,-0.00044152970649924406,0.0696047683514079,93.11326522658425,0.0007652755338363561,-115.52425233973304,-0.034960217709496,0.6664442961974649,-0.5767397725640817,0.7438737389897733,0.8882915855333335,0.8718742895022006,1.0,-0.0005682966178356397,91.72093028618043,1.6858545135187022,0.9965930056353424,0.9988090168986672,0.9995901649834747,0.9996261948624364,0.9975175760010462,0.99867128861703,0.9996024921682573,0.999684223556857,0.4694081658734257,3.5440609377,3.8951413771,2.973957779,2.9367619641,3.4684015485,3.6470096451,2.9738313201,3.8511729924,4.0452230754,4.6788600316
73,23,4,0.0069920274527763,-0.0080133248129961,-0.0005322201383908265,-0.0108039852795531,-0.0239992922847847,-0.0094219737903511,0.0011796542497144,-0.0134651320731684,0.1665038153671435,0.2314005380130654,-0.3953953953953952,0.6656656656656654,0.1065,0.1036083654896879,0.0936912551866983,0.0949659244452682,0.0990150819858638,0.1027234935824541,0.094655954041344,0.0934708680311956,0.8679304500537993,0.1285358754774994,-0.0009475495293297388,0.0697808783963682,59.0550966887499,0.0011765724225119,-208.0070901280144,-0.0344149314761627,0.6659439626417611,-0.5751884422599558,0.7466783010277347,0.8882893130255998,0.8706091263347,1.0,-0.0005285866916611148,94.23455743550755,1.691999637620298,1.0003146956653866,0.9996393664816144,0.9999760293126478,0.9995136741998478,0.9989220675845772,0.9995768614589864,1.0000529873077977,0.999395031496679,0.4735518604766159,3.8529024925,3.7937758388,3.8764238228,4.1072015864,3.9165373441,4.7014249372,3.46780276,4.2027648056,4.2215150179,3.6235309543
74,23,5,0.0045865867102072,-0.0167331143173399,-0.0152028972034461,-0.0010866158109852,-0.0244074858536702,-0.0320840603464667,-0.0174294733362447,-0.0023981231193186,0.1662417079197358,0.2314005380130654,-0.3953953953953952,0.6456456456456454,0.1145,0.1031590310144726,0.0927887450193562,0.0927939187737742,0.104,0.1094999999999997,0.092897681361526,0.0930445572157784,0.8655963901305613,0.1190851898363254,-0.0004685535498046845,0.0735214384913667,71.48036727644633,0.0009267128836446291,-29.327549128150896,-0.0377925589463282,0.66711140760507,-0.5776075896968818,0.7465582785114949,0.8887162667584455,0.871888209965024,1.0,-0.0007989413654689859,69.42322537218456,1.6884575504526285,1.000206468497285,0.9992468326289908,0.999315660296703,0.9999510935108504,0.9989036959733488,0.9985590199880732,0.9992171259072432,0.999892276762626,0.4624092309809984,3.1775742357,3.5228544465,3.1630161453,3.8905552253,4.1041929234,3.5895125563,3.4540302355,2.804518579,4.4959125588,3.4254069919
75,24,1,-3.470702211089254,-2.877819797941118,-2.4596683100366743,-1.7660844345487394,-3.515426553408908,-2.9056124244230244,-2.4535385309104374,-1.7592710651648602,0.1470467516729209,7.012063589007177,1.0660660660660657,1.706706706706707,0.1099999999999998,0.1039999999999996,0.0916069966283822,0.0908283174713076,0.1135000000000001,0.1045000000000002,0.0917234029802975,0.0891922840831787,0.8582240692324414,0.1065956978829358,0.0929838346560297,5.09594183351894,3.132793854091127,1.6025474941676467,1375.3984890237034,0.3804295655592269,0.6069046030687124,-0.592082269470121,0.8217495184909918,0.9174119244640406,0.9855865750022144,1.0,0.7424846678522732,1.3277862821343374,1.0630999832098538,0.8437932043836316,0.870473864212307,0.8892962440167501,0.9205069167277062,0.8421064478904561,0.8694912813224979,0.8898032079323426,0.920958984924802,0.1006437711462887,617.1384351488,504.1404711589,602.1640829972,573.2275180268,587.3990550239,584.9169463797,586.6848893769,624.1801469174,517.5298852109,572.1543343009
76,24,2,-3.4961326431793545,-2.937953817627029,-2.45013473068604,-1.7750298568597174,-3.534639395785685,-2.9576632533722425,-2.4647810012620006,-1.7574449086380532,0.1467803451121929,6.696160054853215,1.0660660660660657,1.706706706706707,0.1049096984178498,0.1090031771571024,0.0969969213282178,0.096622725365792,0.1009999999999999,0.1264999999999996,0.0978006023171472,0.0978811228844713,0.8583637773707019,0.0674575493557065,0.1000306459164049,5.051972303255834,3.541600696951663,1.420367549084455,1360.5644230789894,0.3759029806017206,0.6084056037358239,-0.5915565332412519,0.8225673380334714,0.9179527276972338,0.985338262930412,1.0,0.7306399582230139,1.3885402324323228,1.064189476488936,0.8426337789115677,0.8677579461072313,0.8897323662038426,0.9201018336099932,0.8412096874590973,0.8671327176158782,0.8892785873339742,0.9210503633929557,0.0970972573554233,512.9156537928,628.0702573414,538.7205042196,527.9604466696,582.9156200334,540.9373238914,585.5835980537,643.5896834436,583.5556976763,600.4068320796
77,24,3,-3.42836998425442,-2.940041740491777,-2.486230214546204,-1.7841106875545183,-3.5043867383705205,-2.962119025407617,-2.4729300854282883,-1.7577297649492325,0.1469536164164338,6.696160054853215,1.0660660660660657,1.706706706706707,0.1276389036303694,0.1193522712647981,0.1137139425546987,0.1130199203792661,0.1291573960407147,0.1248873636345852,0.1151316428481369,0.1147558601880925,0.8581529110480264,0.0467726905089709,0.0982991899833305,4.9745895037824415,3.290598106115981,1.514573792160344,1279.032045745614,0.3814880102500094,0.6077384923282189,-0.590487579442343,0.822628713452469,0.9177624519858464,0.9859879243600888,1.0,0.7349426869898421,1.471600792233321,1.062729711229216,0.8457093261442562,0.8676606511243249,0.8880951971816535,0.919699582401666,0.8425773495676212,0.8669239480123883,0.8889325268881725,0.9210503350016608,0.1164238711360513,536.554221065,560.3241225906,651.7738710103,602.5331486078,539.0649808088,582.1500847638,579.6134954354,566.8963044413,520.0586706361,560.1705472313
78,24,4,-3.4174401165382644,-2.933856935643629,-2.469008020881885,-1.7622989213513751,-3.481737674575246,-2.942585680038748,-2.480968563039575,-1.7640354048255134,0.146758538153996,7.012063589007177,1.0660660660660657,1.706706706706707,0.1049999999999999,0.1059999999999998,0.0905646402119746,0.0919195596700186,0.1090000000000004,0.1084999999999998,0.0915904067189681,0.0932134673621433,0.8588642533133708,0.0920952382421589,0.0972884675443063,5.02460650345524,3.098433135960424,1.6485855841426609,1465.06339420941,0.3799328346046122,0.6087391594396264,-0.5931363363210747,0.8221336692397521,0.917649583214434,0.9858425836209136,1.0,0.7345746309324037,1.349741761444644,1.0641841856886662,0.8461892944666474,0.8679364260438026,0.8888733485523023,0.9206782004131644,0.8436062109938549,0.8678085600349374,0.8885471358316646,0.9207613254321364,0.08185133640615,420.4286754298,646.4362534589,610.5941360513,605.3805900054,576.5395792046,586.7484739821,596.9770409279,545.5194674553,627.7476879889,594.4486149467
79,24,5,-3.482912932830951,-2.941137065539639,-2.438545908589658,-1.7535140008672505,-3.5743485634995427,-2.966387851394611,-2.459756581102408,-1.7473799697492396,0.147218295283573,6.696160054853215,1.0660660660660657,1.706706706706707,0.1190000000000002,0.1074999999999999,0.0917859401168125,0.091922720857904,0.1154999999999994,0.1099999999999998,0.0927202891635649,0.0916015045461113,0.8592694575928279,0.0948822598657104,0.0944657268043883,4.908764786613847,3.635746786289533,1.3135598388939318,1134.099481055633,0.373511034966293,0.6085723815877251,-0.5932272078432448,0.8223575055176259,0.9176329024926984,0.9857056210849144,1.0,0.7293309845360176,1.450127997718372,1.0651632784337053,0.8432173671991874,0.8676330420688354,0.8902400201540217,0.9210731323875156,0.8394588379292214,0.8667479414984629,0.8895007503348877,0.9215094785778718,0.0829438163020432,648.582368775,541.4142362524,507.745074558,559.5901507447,640.1201054788,557.7273825701,580.2004443872,582.8605096612,543.2536886505,548.4866516172
80,2,1,-1.8815954097900125,-1.4860488522401063,-1.168245488165347,-0.743901506699352,-1.7939609687450062,-1.430742106350019,-1.1295269885169503,-0.7238530145979549,0.1497543310506743,617718.7597338489,6.071071071071071,6.731731731731731,0.1179999999999998,0.1095000000000006,0.094412815671745,0.0933989955389876,0.1095000000000001,0.1209999999999995,0.0936671059714289,0.0931127452030964,0.8334925662805066,-0.1736333097630975,0.8537828032907901,7242317.020271503,3498.235953196085,2061.1836732095344,44157074.41772018,0.8758610422605373,0.5697131420947298,-0.4131088159554936,0.812775391866755,0.909031535364027,0.9428427100635532,1.0,0.9969731831683238,4202.213038188929,1.0011433977490936,0.9153114406074174,0.933107310131801,0.9474210909800858,0.9665133363586174,0.9194055314519384,0.9357093658349096,0.9492475096000632,0.967474144545275,0.6645813271556722,1144261.49557885,909527.29461971,941237.941191203,1911348.12618112,1248383.98604668,1118081.21841733,976068.67651944,697996.198568173,1306721.32128186,418566.4509252
81,2,2,-1.7843077918576196,-1.546267768101993,-1.282492168655411,-0.8725281629687878,-1.6847576492601597,-1.4115613338518609,-1.1802275794627946,-0.8083482666811452,0.1510103492400623,513701.35433513386,5.970970970970971,6.561561561561561,0.1110000000000002,0.1069999999999997,0.0949557848423826,0.0930282405469432,0.1169999999999999,0.1165000000000002,0.0945581242787147,0.0926323066727294,0.851207868030512,-0.2542846127334612,0.7043298741078721,4309359.507633356,2278.577702110343,1868.7120755530611,33773036.24579798,0.751528794585199,0.5862241494329553,-0.4416214924115955,0.8073430979784336,0.9079198732097632,0.9392629540762172,1.0,0.9980202489338228,6372.202616615706,1.0009310749487004,0.9196800447137444,0.9304061098998369,0.9422626641159668,0.9607304439888272,0.9243215099137024,0.936587374948751,0.9469817317590784,0.9636870015228128,0.5244884544191375,734041.915300749,1348157.6238657,435003.574848327,1160927.82519756,1311578.43723785,1155312.91955971,1294017.82343443,906861.735338677,821194.425238499,931854.616065448
82,2,3,-1.9309305134860573,-1.563943008876679,-1.2624076536051732,-0.8178248752963633,-1.8474056040207556,-1.4961811646487213,-1.218662242401587,-0.8029173865201678,0.1499107875806911,537936.1503980698,6.011011011011011,6.611611611611611,0.1140000000000003,0.1014999999999997,0.093702884866013,0.0941595852635686,0.0986484075482087,0.1045000000000002,0.0926708127026938,0.0928050510902168,0.842859980635734,-0.1193021434953434,0.8016081092593423,4676624.842817087,2634.5546253834927,1778.838634563092,39467006.92772292,0.8345106003033187,0.5723815877251501,-0.4319834040959254,0.8135471772659901,0.9090962770644158,0.9458198393501958,1.0,0.9979963744786045,6328.901720114833,1.0008032117722383,0.9130878169956168,0.9296131706132706,0.9431742455589244,0.9631864327046428,0.9170074965043964,0.9327742124254748,0.9452517340591758,0.96393229553439,0.5653870489102808,1263683.16008461,1122358.67609567,1207396.57736214,896578.094802559,780851.733188894,1053205.37241916,1220121.68147909,1437212.8867521,548221.491279025,967954.840523876
83,2,4,-1.9894362578362017,-1.5912234420058675,-1.2296304010080128,-0.7494585536078766,-1.906939272317388,-1.5217613343427274,-1.1835080224295744,-0.7272264642410082,0.1493878900876176,646860.7661546321,6.111111111111111,6.731731731731731,0.1084999999999998,0.1114999999999999,0.0947921122267887,0.091739891810944,0.0997614835570197,0.1240000000000001,0.0926670342309381,0.09329840801694,0.8317147676004031,-0.3592653140301567,0.8642089495571892,7361466.776920131,3999.933322296334,1841.962196757052,47382303.673448265,0.8866477530187907,0.5703802535023349,-0.4120642154843558,0.8125791577490626,0.9089466743899146,0.9453863919439288,2.0,0.9968970786602672,3719.648024503144,1.00165670689641,0.9104533139536404,0.9283642209222944,0.9446617082489712,0.9662627579987324,0.9143372601089116,0.9316375582655582,0.9468358845102044,0.9673248494335264,0.602493670140942,1213427.88124127,892855.268537557,965143.934802956,1119269.68926683,926681.939239751,692414.18948726,889652.381488373,1373257.87281369,1009133.41120301,1089882.26741055
84,2,5,-1.8579680588149667,-1.5114965440516688,-1.216060473673073,-0.769128640467601,-1.7782111273485608,-1.4606269282509723,-1.172600252315359,-0.7612210929085723,0.1502002504611688,537936.1503980698,5.990990990990991,6.551551551551551,0.1018612582917323,0.1084999999999998,0.0948768513011325,0.0940943836116669,0.1074999999999999,0.1140643033874768,0.094591732806872,0.0947551730146814,0.8487032106517083,-0.0038164610313897,0.7402587648663911,3078499.3251427505,1978.0511485857464,1538.3602946356675,37399242.54975207,0.7854718169441564,0.576717811874583,-0.454569111972337,0.8111752959292955,0.9083753046255828,0.9427125244647564,1.0,0.997106931132944,5817.65177607306,1.0013270841528343,0.9163598970752074,0.9319660734176254,0.9452687937574462,0.9653845784003076,0.9201198482071936,0.9343800343445544,0.9473312572363366,0.965805332474012,0.4914553526384237,1397458.7582301,701494.222309688,865863.573006792,1012329.11168991,1596805.83537979,1359249.0707182,903227.201770906,354394.222624989,760173.191067802,905127.68550266
85,3,1,-3.0406794138968856,-2.6240801303897587,-2.2606824701199475,-1.34577837013771,-2.946796222319243,-2.3949438913319003,-1.9455498294422335,-1.2021427068574582,0.1482216890371561,44.324785912404,1.9469469469469471,2.667667667667668,0.1240556110409727,0.1230774859673975,0.1237752498705715,0.1255758807660732,0.1213115875646025,0.1224977393416314,0.1245376868352894,0.1218200094920356,0.8295278040663376,0.7015932803566001,0.6555961757602764,362.18559696040165,517.8155528274314,0.7039505978371408,3389.3625635298827,0.6929708950667728,0.5883922615076718,-0.4308253799528524,0.8189185504907601,0.9122181240335644,0.9610131529505306,2.0,0.9419465917555854,394.7869817171214,1.0038348766383631,0.8631323719257918,0.88189183127589,0.8982423557326809,0.9394306898225722,0.8675860961512072,0.8923987319936624,0.9126167970236164,0.945995204095475,0.9980303634669858,418.1904583909,469.1619778292,474.079496085,461.9990567719,426.688744762,444.6270993061,479.2234658637,398.6920749519,431.1165831561,484.1227161554
86,3,2,-3.1004437029549248,-2.4455209869697114,-1.9309217277096824,-1.2568130641536008,-3.0036450396653365,-2.3956205147261542,-1.8999827877365136,-1.238261349876879,0.1483431200218501,23.246970599856454,1.626626626626627,2.247247247247248,0.1083198913271545,0.107275822594203,0.0996668041239037,0.0973281363261215,0.1135000000000001,0.1200000000000001,0.0988915264054719,0.0965919755315757,0.8507150014545508,0.3113130130457546,0.6622933882900152,137.62932357973426,397.5201075169325,0.3504880123083215,2661.604250739715,0.70734104392703,0.5875583722481654,-0.4761718498355128,0.8191868885161591,0.9136282943890832,0.9663828597601416,1.0,0.9648792207659828,41.17355262815923,1.0051067607708943,0.8604560667512804,0.8899210219824192,0.9130905279571322,0.9434279920387922,0.8650503060421169,0.8924087399507823,0.9146519841860322,0.944374150472194,0.636121985957081,420.9001030359,478.5229990917,408.6806532299,430.4561625452,506.9432067758,489.8582232586,404.2197319999,450.623742045,511.0620631272,439.6686560371
87,3,3,-3.100484595365556,-2.5397134891018496,-2.4048508633587424,-1.3544986168746362,-2.9973745750848977,-2.404485713767013,-2.01209488142562,-1.2013159214684297,0.1482116168489156,44.324785912404,1.9669669669669672,2.627627627627628,0.1249793059399024,0.1224121176221863,0.1225948673692129,0.1224146528387602,0.1191536931703436,0.1204374766118515,0.1193208851403489,0.1195049784611779,0.8211360196070495,0.2902307521204936,0.6923228088071591,400.1054006898691,414.985069679312,0.947041581723914,4006.397216926701,0.7336366026710082,0.5892261507671781,-0.4180056509911404,0.8194247366087541,0.9119058205805272,0.9607968017415504,3.0,0.957323379726672,264.148151252702,1.0056599392215042,0.8604509220495622,0.8856691888749333,0.8917384223385009,0.9390448974806912,0.865314668648208,0.8919813320296452,0.9096222985176206,0.9460513554814542,0.8977673682679812,475.3181198416,489.1990623425,431.8330426567,424.0836138635,472.6710206378,441.9921005193,468.9177738224,470.6987859068,472.8338310654,451.8441512366
88,3,4,-2.9453522340611205,-2.539817793570302,-2.135934037847802,-1.307375256811854,-2.8658243948456565,-2.3376333978497428,-1.909345854876495,-1.1810139189425808,0.1486044410499446,40.4209583979631,1.9469469469469471,2.707707707707708,0.1236134780183867,0.1207832341015932,0.1194492099550621,0.1219594177693673,0.1270000000000002,0.1226575542984484,0.1194937263981015,0.1208267010210061,0.817648845412243,0.5347384624915699,0.6865620814061079,509.6193034091361,875.7426920997891,0.5875942086757817,3767.340942845687,0.7395185805874184,0.585390260173449,-0.393716872434682,0.8141312305335537,0.9120821886264738,0.9592485997522352,4.0,0.9637310472440196,586.3747288587122,1.0039500516797193,0.8674129369468865,0.8856904287935192,0.9038665069004976,0.9411414565230524,0.8712848773972612,0.8950023084853878,0.914226723355265,0.9469283492758388,1.129298208087576,457.6701714488,380.8098233388,423.0473858753,388.6989167419,464.6294574344,480.7337191681,485.7109264815,391.5788052944,523.6600270879,455.6671995465
89,3,5,-4.174716023177766,-3.678378075771942,-2.8003831128799863,-1.2296043643949464,-3.294957183118605,-2.788239542409702,-2.133215563992856,-1.0849921248767809,0.1488430725632616,77.07027114212303,2.1671671671671677,2.767767767767768,0.1234152942297952,0.1394999999999995,0.1161839638955382,0.1190137325402375,0.1233163679555978,0.1222035353466785,0.1161532977638737,0.1166924038588787,0.8272402399632617,0.0424709305324733,0.7249816214743616,417.9699810773651,489.8179829101904,0.8575702057171546,5226.276434269386,0.7602420757216801,0.5837224816544363,-0.4302635185474379,0.8176232270174293,0.9113269201437404,0.9567515041934344,4.0,0.9657126256653136,451.9690475066232,1.0043506919960237,0.8120698936726918,0.8344596178054796,0.8739515294066936,0.9446555988252768,0.8520075108463767,0.874730132222534,0.904170213316818,0.9512706397982889,0.6806432611518964,454.1494869322,419.0914286529,467.9295393458,541.6254774483,429.0445201526,341.3318895624,343.7963605514,389.9950422387,499.2211263826,412.6599920947
90,4,1,-3.632079850450799,-4.066052352540792,-2.836976991487324,-1.2108122864692596,-3.1447360071288184,-3.081732033970594,-2.239534489912174,-1.1131051860689904,0.1501937238076505,185.0407019542302,2.5275275275275275,3.188188188188189,0.1547504237393479,0.1545340461342164,0.1570321493721673,0.1571635670581548,0.1552716195696948,0.1549631440400279,0.1568370057549868,0.1572629331587128,0.829678691194039,1.39820373478099,0.5826511119277976,1054.4953464102382,554.832231932632,1.9291139055582671,9698.0336327794,0.6574382323948752,0.5997331554369579,-0.4198533416964091,0.8067736142429741,0.9102006990782748,0.9519560087199824,5.0,0.9153534707481832,547.4614594658967,1.0062757452754392,0.8365112447371064,0.8169477920336544,0.8723040759823124,0.9455058948736998,0.8587379286291035,0.8615219923871892,0.8993983000316172,0.9500089791759446,1.094313748924139,679.4760650483,636.0059474846,660.3319606604,578.2743583704,605.0536166955,592.0000021205,616.6890826764,594.7841068607,680.0606908941,654.1982569814
91,4,2,-2.665909621446062,-3.109637796645723,-2.7618576600809384,-1.2955072344740426,-2.631177211485138,-2.5252952362798045,-2.2060341256671165,-1.1848142126574412,0.1501372571526094,168.74356777273758,2.4874874874874875,3.128128128128129,0.138179525351948,0.1392299921408059,0.1414966734967502,0.1398792474828322,0.1397755743198682,0.1397961998895552,0.1440000948632306,0.1428483655409095,0.8317353256026558,2.063481286858876,0.5983698683905738,808.2969800524444,441.7401690637315,1.8348548408535643,9733.630443406528,0.6778640394327589,0.6007338225483656,-0.417756939993161,0.8082504827260983,0.9106971746758128,0.9541738062478982,4.0,0.9240365780986632,457.1141934280919,1.0059762901924667,0.8799859806136524,0.8600467342112712,0.8756860199776215,0.94169007600119,0.8818146990347746,0.8865707108591484,0.9008894192197788,0.946757695393577,1.1103012783999513,552.2003748812,691.5524555034,703.9029868087,645.9215627231,641.2397091718,608.1754689405,641.4550110767,732.891935661,579.7004249034,634.2646199724
92,4,3,-2.6723188559078856,-2.487412924494354,-2.243252528057493,-1.1516575900966457,-2.633844679526387,-2.1336600087691977,-1.8554523388149315,-1.0332386400857416,0.150600363437909,193.7703337477989,2.5675675675675675,3.228228228228229,0.143016813378565,0.149,0.1448601838189937,0.1453885935748946,0.1414396832250752,0.1433945595186389,0.1431879490153334,0.1415974651606849,0.8195683643838697,1.0035765195488116,0.5616096480241473,955.5505127906488,782.6419258011643,1.2178527329735869,9588.900942678363,0.6320226233079362,0.6015677118078719,-0.4194599626031327,0.8060107977421737,0.9092868546099924,0.9480343533250848,9.0,0.9122032095363676,705.7552759635357,1.0049328733898566,0.8797286910436626,0.8880576249938573,0.8990389496192008,0.9481660738529484,0.8816682590935958,0.9041515802343498,0.916631471806996,0.9535931595088256,1.0788412201847593,603.3789980425,629.4386970173,662.5639922576,697.2812544982,682.30898089,512.5316692512,580.6579729316,623.688633155,648.553236266,674.1526216837
93,4,4,-7.573733744802002,-5.576715563509179,-2.9301967188416604,-1.17710316686275,-6.301132129106898,-4.25797879920674,-2.2370899329862723,-1.0673694719971945,0.1498921681260712,243.99862972595503,2.667667667667668,3.308308308308309,0.143080096014306,0.1454223831476219,0.1425442399263476,0.1419805648698695,0.1463151772739011,0.1440766436736976,0.1402819798306898,0.1391467454383418,0.8269782471855961,1.1067799867444754,0.6223854803171945,1489.929094668974,765.0771461584991,1.928553639333153,12822.329151523056,0.6941228676355724,0.5963975983989326,-0.4182149989148929,0.8082637460746807,0.9102333014798704,0.9506527171988564,4.0,0.938906488292004,807.3866666799727,1.002924438576176,0.6591350656249203,0.7490142757541176,0.8680999982422335,0.9470199487912018,0.716909850816394,0.8087530320987328,0.8994558499049408,0.9520498182040044,1.0366336706007897,701.6183123802,559.8421198893,589.4283275057,669.1523397922,637.3276777878,652.7735828622,656.4536213707,632.8049038578,754.0232529597,688.57548249
94,4,5,-3.4996002311370145,-4.004913747037127,-2.715474330306316,-1.2218037009195335,-3.066813219594426,-3.0357616642003293,-2.170289445602112,-1.124259593662252,0.1502690293777681,185.0407019542302,2.5275275275275275,3.188188188188189,0.1543163996938036,0.1551121708103461,0.1557985126580263,0.1566701030078057,0.1541969490301081,0.1535386854014727,0.1546950999012049,0.1558528026638482,0.8307369727556648,1.5321819220213304,0.5743097337617795,1047.592322872832,595.1185875724959,1.7386055364025037,10123.838033006148,0.6523146735436847,0.6014009339559707,-0.4210550352252433,0.8070210046371697,0.9097688487831266,0.94948627527854,5.0,0.9133454252770792,500.451104870953,1.0058754185578993,0.8425047998840227,0.8197671284425874,0.8777794631886189,0.94500677863946,0.8622338691974611,0.8636252447799218,0.9024837189225738,0.949487935094543,1.1281863997055894,635.2527522076,600.9080677501,627.4734956399,622.8591493019,665.4451971783,700.7434833736,584.6479661046,639.9566160305,678.0131387909,603.7513158878
95,5,1,-1.598988209565224,-1.205649631162272,-0.87204933551115,-0.5260227877356751,-1.511644869041049,-1.139775003762043,-0.835770135546694,-0.4945290712302697,0.1510589057005676,2.214855233726359,0.5855855855855854,1.0860860860860857,0.129516129032258,0.1290322580645161,0.2741935483870967,0.2580645161290322,0.1120000000000001,0.1179999999999998,0.2580645161290322,0.2580645161290322,0.8468503670572264,-0.1165989841069685,1.0,10.000000000000004,9.999999999999998,1.000000000000001,585.3420156760297,1.0,0.5588725817211475,-0.4509859964625744,0.8088945162892058,0.9057897860944228,0.9316485412048074,1.0,1.0,88.39755964889785,1.0,0.9280168279503214,0.9457316210058888,0.960752462702508,0.976327262655852,0.9320987129500732,0.9488005609217808,0.9624475263622004,0.9777862533562766,-0.004824181350723,46.686579543,72.6482342671,49.8850919262,52.6818184026,58.3912387249,51.0821156738,54.945761116,54.3449856089,55.0426802147,60.4515766351
96,5,2,-2.3075831106372267,-2.2901462008508027,-1.850950873047264,-0.8463591887258755,-1.8871101822492289,-1.6755415405814258,-1.2954326324538885,-0.6831495242426797,0.1514054413909259,2.1150728248687947,0.5655655655655654,1.0860860860860857,0.1179681157593733,0.1211520802942571,0.2258064516129032,0.2258064516129032,0.1201572531538855,0.120082884435224,0.1935483870967742,0.2096774193548387,0.8448205648931748,-0.2849937493943246,1.0,10.000000000000002,10.000000000000014,0.999999999999999,1250.5420156760292,1.0,0.5558705803869246,-0.410148993181938,0.8088130256036814,0.9059585609289308,0.935444481433386,1.0,1.0,61.842131006680745,1.0,0.8961289292325532,0.8969275102190392,0.9166953680820232,0.9619084560349612,0.9152389504160642,0.924733513793413,0.941803885254852,0.9693198072511786,0.0025126156038632,48.1866222231,56.1644400053,63.3691157694,52.3824437287,39.7081202556,53.7386309487,58.332602864,68.7008133361,39.1665302198,37.6421404259
97,5,3,-1.868999609214205,-1.646951437352751,-1.329872741902742,-0.7650189330198369,-1.646760499225449,-1.3237121274348116,-1.046676403395299,-0.6142518969357393,0.1510142764867235,2.214855233726359,0.5655655655655654,1.0860860860860857,0.1275161290322582,0.1205793994065234,0.2580645161290322,0.2258064516129032,0.116790030269467,0.1221478591258793,0.2580645161290322,0.2580645161290322,0.8442692988925645,-0.3259357650915881,1.0,10.000000000000002,10.00000000000001,0.999999999999999,661.2620156760299,1.0,0.5522014676450968,-0.4247649990568519,0.8081189976691272,0.9061880611955804,0.9342385402030334,1.0,1.0,65.12125535087213,1.0,0.915853919732756,0.9258534460401256,0.9401369536440776,0.9655663465868882,0.926025665707512,0.940537945780946,0.9529894809563968,0.972408041483972,-0.0009126341253452912,44.0324529474,60.8154828568,34.7912414436,65.8771562435,55.654358774,46.0984659587,42.1961990458,59.1680687642,46.4616483283,61.7373769771
98,5,4,-1.7933631177404568,-1.3153789731116845,-1.0445594960999554,-0.6053509696089296,-1.6384885788143675,-1.2071673376066112,-0.9741261884032628,-0.552849899797403,0.1504182949063627,2.214855233726359,0.5655655655655654,1.0860860860860857,0.1135000000000001,0.1030000000000002,0.2580645161290322,0.2580645161290322,0.1074999999999999,0.1039999999999996,0.2580645161290322,0.2258064516129032,0.8478527225843566,-0.1659298986247381,1.0,10.0,9.999999999999996,1.000000000000001,1536.22201567603,1.0,0.55920613742495,-0.4380701728783092,0.8089033663222607,0.905970685443401,0.9330990373600476,1.0,1.0,88.15495061097928,1.0,0.9192730812056876,0.940805417845336,0.9529830196355958,0.9727517254080688,0.9263905685569442,0.9457618602056624,0.9562313919943726,0.975168180417486,-0.0007080678674225961,54.6546970424,24.0903207759,55.126899114,53.9773132215,25.655260898,57.4366438144,59.6450098753,68.3234846416,54.396467999,40.2714326104
99,5,5,-1.6509945585878525,-1.2043260921321952,-0.9485820067898948,-0.5667288976401892,-1.5614494475974894,-1.136366722578659,-0.8786825602364594,-0.5146572843310171,0.1513129111438216,2.214855233726359,0.5655655655655654,1.0860860860860857,0.1160000000000001,0.1290322580645161,0.2903225806451613,0.2903225806451613,0.1054999999999997,0.1199999999999996,0.2580645161290322,0.2741935483870967,0.8472717533490264,-0.1661075662653126,1.0,10.000000000000004,10.000000000000002,1.0,557.1020156760297,1.0,0.5602068045363575,-0.4450438605082461,0.8044521612951261,0.9054417036102058,0.9308064567337284,1.0,1.0,79.73613416209399,1.0,0.92569550135594,0.945785662896737,0.9573089123200846,0.9744853822549422,0.9298429490484404,0.9489525024737409,0.9605305614398818,0.9768833255282714,0.0055871308048184,62.662753379,53.098465695,76.4917062498,49.4980529737,44.7410541711,38.845607638,42.0493925581,60.2874264217,70.6782788199,51.9561552238
100,6,1,-2.570624144698362,-1.9907697399510853,-1.5818410200370767,-0.9980122119422266,-2.4794137233856777,-1.953839495640194,-1.5475450084907738,-0.987397868615755,0.1481919094616467,17752.08011717636,4.48948948948949,5.03003003003003,0.1078563730955754,0.1149999999999997,0.0997116191205001,0.1020110214448725,0.1075811344194579,0.1090000000000004,0.1024499240256019,0.1005145174349897,0.8475434694541897,0.2110445542323638,0.7769616240282818,80251.19524111423,37.31010065125268,2125.934855380134,1886506.131076815,0.905928066714101,0.5737158105403602,-0.4588505820218765,0.819642699008974,0.9122381462910264,0.9614367123986456,5.0,0.8576407905990113,4.773417518041852,1.0154402099197624,0.8843103578402498,0.9103755444263374,0.9287996042733656,0.9550848665841,0.8886260674780077,0.9122401084701977,0.930485924565774,0.9556535260619694,0.3408823462378565,18220.1945884593,33433.3682234537,28414.3457314738,62032.6242447133,32866.5253198221,66248.3831829508,62411.8640566501,33663.3507806639,11540.1424420834,36050.5447679208
101,6,2,-4.574506966636141,-2.662185848405782,-1.8949067335577467,-1.132065851847777,-2.7863435099513243,-2.044590887781272,-1.630136533213946,-1.055057020875978,0.1483747292042604,15459.277364194786,4.44944944944945,5.01001001001001,0.1200000000000005,0.1074999999999999,0.1010703622334574,0.1030226903327745,0.1124662136617607,0.1129999999999999,0.1031712572736993,0.1010222111351585,0.8418732517775351,-0.0829439705114105,0.7683969999443205,78449.83823738131,94.60029632220404,846.4545174806995,1426986.3892301414,0.8880694872864708,0.5745496997998666,-0.4340325956755611,0.8136628280409559,0.9123165240131668,0.9589453931341294,11.0,0.8480102064317869,3.832755839290763,1.0249653632470546,0.794123241720246,0.8801638141964232,0.914700441055802,0.9490455573677838,0.8748343218366292,0.9081423993587472,0.9267489451596826,0.9525916301640932,0.4386054509277504,12212.6494767875,6640.6528158759,1489.8874730037,1935.5589074228,7208.718933237,11963.6898917233,1929.4203103492,2067.1815376213,901.63813273,3783.3134652916
102,6,3,-2.418100848235868,-1.915897691656824,-1.5055793013125438,-0.9799855891483044,-2.342233796807756,-1.8531970009488976,-1.4752350154330784,-0.9602699988134322,0.1485196274753696,14762.81471909391,4.42942942942943,4.98998998998999,0.1115000000000003,0.1048392425645576,0.0901444845746964,0.0916213983549802,0.1165000000000002,0.1045000000000002,0.092212198670607,0.0909678344881963,0.8448004939943481,-0.1907156423609273,0.757312340729475,80354.1952475587,64.76202508165392,1242.0996638700858,1536453.1220877594,0.8984521139415393,0.5758839226150767,-0.4449497302252413,0.8183126197297959,0.9115855421989424,0.9578597585490988,10.0,0.835031739810845,4.601067543583769,1.022241863026315,0.8911697729368413,0.9137683122239404,0.9322322245877844,0.955886104254232,0.8947799934866267,0.9167714781961042,0.933727160499695,0.956845557501646,0.3460193728116698,17096.3197241432,539.8167769279,2218.3350248054,659.9129047837,1098.8891481685,3662.0375766498,6489.4749814016,3681.5153190265,19051.1608683358,8325.3490616467
103,6,4,-2.346339312445835,-1.856140714432561,-1.4626158796673554,-0.9455130353928496,-2.2639795857129528,-1.80844745336122,-1.4258261710131492,-0.91177677562629,0.1482937182233731,17752.08011717636,4.50950950950951,5.05005005005005,0.0974999999999997,0.1039999999999996,0.0862061203128048,0.0876903724438333,0.096,0.1089999999999999,0.086222743088616,0.0904153024289003,0.8451600833596182,0.1469754492152597,0.7897828290304718,65789.38128590243,45.076048242233966,1416.1120585452936,1884525.4412684357,0.9211057710956044,0.5698799199466311,-0.4558568113979124,0.8156240605030411,0.9109959973881594,0.9566769088745064,5.0,0.8572563928214787,3.775844460050825,1.0144200294335124,0.8944041214881603,0.9164510895005764,0.9341721887704912,0.9574326784188733,0.8982795366325129,0.9187746060915511,0.9359469229902294,0.9590334836419728,0.329038557376106,1013.3535675834,5600.0469417093,6711.1082320266,3903.848734669,18025.1640017118,7992.637820865,511.6405454712,9552.3198621872,1727.2020009822,3901.920363383
104,6,5,-2.6973492715549767,-2.064494027237986,-1.6495008271776452,-1.0596862784154926,-2.6120325031415668,-2.003887517156068,-1.5956666581733003,-1.0228747467300463,0.1475900370438608,14097.728716289676,4.42942942942943,4.96996996996997,0.1174573811680583,0.1100565707637488,0.1060344030220378,0.1065275629074712,0.1243097954589801,0.1104148106393965,0.1054151693976303,0.1067402487324155,0.8374974565160807,0.0512739080987756,0.7241901333862948,58691.35986218053,49.36299021658167,1178.5575460051589,1407840.3227940486,0.871761860692507,0.5753835890593729,-0.441505974499898,0.8174509019305012,0.9129610780311186,0.962981730015264,11.0,0.8139755885444141,3.482655764194567,1.0282504952439564,0.8785902047028691,0.9070624691894842,0.9257587714450956,0.9523023751870432,0.8826870160742173,0.9100043812670036,0.9282979126940084,0.9540615987207812,0.5349523247005545,4524.1960511915,3125.92960237,2844.5986262122,1529.7702929291,16522.6690604259,2043.6507039963,10744.505265837,18355.4165502228,3518.0824954013,5160.6432189184
105,7,1,-2.2552527353695098,-1.7377607890335671,-1.3829526032816073,-0.855884400846401,-2.20486490301899,-1.7014029378207596,-1.3539382962737996,-0.8217034435851804,0.1492400506258883,58.44761131633638,2.007007007007007,2.587587587587588,0.1030769131990399,0.1013110124145647,0.0946654397731474,0.0930570579117884,0.1063634422847045,0.1027321954815275,0.0932991971963689,0.0944726850593574,0.8447335009454011,0.6072329558282099,0.7786605056874419,252.2930379142408,66.19472771149647,3.818503955034742,5327.969491351106,0.9626119233789134,0.5708805870580387,-0.4284964162357352,0.8139957302412129,0.910191176038014,0.9526061331519184,1.0,0.8237938897012392,6.75222923192403,1.0018402265078317,0.8984817950272082,0.921792663813488,0.9377436302661856,0.961468839822826,0.9009625788432594,0.9235856466449234,0.939158828019202,0.9630852321350444,0.6943246441143354,312.5085157906,265.9623729947,380.6946918466,418.4162239297,389.8842879576,394.5459717706,356.4140497389,352.6907303835,392.6520447439,412.1586834529
106,7,2,-2.2667292157312566,-1.7597948126337002,-1.403060031750007,-0.9443630185568228,-2.186965516755865,-1.740722726641156,-1.3906774856812856,-0.9371733058313296,0.1492581004210516,38.59993617679771,1.826826826826827,2.4674674674674675,0.1105,0.1025,0.0862376649391105,0.0862240013673867,0.0957974193546486,0.1045000000000002,0.0855174039240201,0.0848638521436928,0.8473940780717425,0.8490128348127866,0.3989000348872666,113.71375713999164,96.97027952458264,1.1809547724461489,3492.4841731185697,0.9186097455724672,0.5810540360240161,-0.4350791010611845,0.8132985637413701,0.9112401805368232,0.9555758337207484,1.0,0.5130359899756954,10.337282638905672,1.002727996636113,0.8979760743904655,0.9207950939447884,0.9368539499137296,0.9574943957863856,0.9017373749835902,0.9218000530797748,0.9375361399856004,0.9578941080816634,0.7888886453458355,369.6994107467,383.5166433572,356.6642956457,489.0631129931,425.8502854003,452.4724484498,450.0426767326,291.9696581336,390.5828123761,306.5478326647
107,7,3,-2.2960568041639373,-1.8081812586493484,-1.4592664830219275,-0.9720943179550527,-2.2794780865140254,-1.7924459782487343,-1.4559748862407034,-0.962454582755532,0.1494322558707544,30.653952950565294,1.746746746746747,2.3473473473473474,0.1038239912041158,0.1129999999999999,0.0982092153236466,0.0985084479072936,0.1160000000000001,0.1065,0.0985381939088149,0.0975445927418087,0.8500604543725944,1.1897463772970869,0.3418937429756027,82.88847735302818,54.80247066839088,1.4617596945658426,2618.667924674283,0.8806873710638041,0.5877251501000668,-0.4592648127133616,0.8135918775937865,0.9112484127506386,0.9569237131493944,1.0,0.4873202717264704,9.122082771952492,1.0034071416156127,0.8966360216276064,0.9186104017011034,0.934315883361513,0.9562460849740286,0.89761156910829,0.9194913598639204,0.9346084976721488,0.9567660033880192,0.8798283179912132,311.1309281896,360.6469323697,309.1102326652,382.4593614174,372.0878976422,316.0595088783,333.7062386626,337.0969780161,447.2360071926,376.747410427
108,7,4,-2.254103770693144,-1.7616694512061564,-1.3812301901267166,-0.8753785717494775,-2.178966414085856,-1.72463309759911,-1.3716087294684858,-0.8732004048618531,0.1491979432944748,46.41588833612782,1.9269269269269271,2.5475475475475475,0.1047456259845049,0.1100000000000003,0.0963903140562488,0.096737014956612,0.106609893330903,0.1159999999999996,0.0973423206030874,0.0970377276518367,0.8421081611708505,1.2170322380131386,0.7430834136287388,196.67963977154665,19.49888818653187,10.003226061670889,4161.34056535644,0.9566431570406718,0.5730486991327551,-0.4229147604712779,0.815354291649516,0.9100210744730168,0.9524212984510384,1.0,0.7958614905026178,11.001082335604394,1.0020951102311164,0.8985369028732406,0.9207112831154814,0.9378299005887022,0.9606004612266784,0.9021172961457498,0.9225251107568057,0.9383875384628556,0.9607761579691874,0.923121069192374,404.1026709002,322.2713449608,338.8365983178,346.4170798892,377.4353555307,361.2910904824,352.2976859661,367.3775313315,268.8841578581,249.1041140832
109,7,5,-2.282083899070648,-1.7817932782403805,-1.430209246587799,-0.9501151721272194,-2.21333436801317,-1.7435548289674312,-1.4083103911725434,-0.920459960844168,0.1492932903819983,42.32789065573553,1.866866866866867,2.4674674674674675,0.1085000000000002,0.1064766154291313,0.0977513500013231,0.0970872623061914,0.1069824783869529,0.1062197825216038,0.0975239999948396,0.1002617217803199,0.8472481383575918,0.8993000690693933,0.6475230273100728,206.16294285999493,104.07157782963782,1.978011387289268,3753.892084308971,0.934219915678648,0.5758839226150767,-0.4389352974927625,0.8145630081465187,0.9110528717968608,0.954640509489151,1.0,0.7321006307276139,7.926097153732256,1.0023328976408967,0.8972972146161726,0.9198033354057528,0.935635768624113,0.9572332987882302,0.9005760702330452,0.9216774577158958,0.9367425571222674,0.958646280409403,0.7948319653645926,356.0154043761,336.0801431405,360.9417915207,341.4355499903,299.267232309,384.9892988227,352.0177818614,377.0300473948,409.5770536573,322.6370513705
110,8,1,-10.972128655587412,-6.706991935687255,-3.6134272160365377,-1.7655002364242307,-11.248103954847323,-5.664431073490912,-2.9561267462984944,-1.6296621899488155,0.1463444143518572,11723.818032865998,4.3093093093093096,4.92992992992993,0.1283650178258368,0.1268431040491265,0.1164322264128659,0.1159037463991171,0.1314999999999999,0.1267775908779596,0.1156487411552699,0.1145564640813255,0.8521062509554229,0.2166980258129025,0.6538958707486479,39918.247881353,96.42726000093542,406.73137298477695,928981.8756998024,0.699427816769609,0.5950633755837225,-0.4612630178668114,0.8254033022615278,0.9162953124319106,0.9758857698722944,1.0,0.9266418359024848,48.161779993532576,1.002652123566229,0.5061222704405415,0.6980672168862444,0.8373748032644459,0.9205304824030882,0.4946647999535073,0.7454996511661616,0.8672028829459452,0.9267812107085744,0.3769481674740931,12899.9380456453,27172.1952925143,23266.866483321,25577.9608289145,22188.9900274101,27808.9246968432,19163.5728960369,39037.5962257485,32286.1168160368,20971.02649604
111,8,2,-10.521222376165705,-6.051207485135155,-3.464199411217656,-1.739535952012,-11.086910330482633,-4.857507799348413,-2.813101174164677,-1.5951627142710103,0.1465165984787222,12856.096069432964,4.34934934934935,4.94994994994995,0.1287035296398211,0.1263760455940164,0.1185411198158797,0.1183728680161636,0.126285490970424,0.1299228828964561,0.1197734365256985,0.1197636184961078,0.8503079764701071,0.167771799482967,0.6707103078197328,45784.58566943165,135.43613738708865,339.6791087722362,1063928.6363864755,0.715775687083237,0.5940627084723149,-0.4597631130703994,0.8229508839106668,0.9160939351835315,0.976516502115582,1.0,0.9337632073395934,42.93293119501109,1.002081783212393,0.5262967881524165,0.7276687860716149,0.8440739337886445,0.92170161193804,0.5019777816834676,0.7816895006357005,0.8736233946301487,0.9283427710879928,0.3626808245270407,20497.5990651307,27120.3848147235,17306.6099448174,27266.5297937292,21216.8325244184,26992.6646430087,16965.6795982801,25659.6920868607,16850.3785314304,22824.013232124
112,8,3,-7.256174210945467,-4.72816069079933,-3.1619581287572345,-1.656656533532864,-5.546532111006616,-3.6417189435708135,-2.5563254414258854,-1.5107625564515583,0.1467662978126067,13462.60579298911,4.38938938938939,4.96996996996997,0.1240000000000001,0.1242734976081727,0.11847499790127,0.1220151392327077,0.1274994774911615,0.1320138290867234,0.1213356225495475,0.1220022843276125,0.8550665088290172,0.0711050821000165,0.6525498411878666,42822.13925410359,63.53244181193875,697.7639669291567,1105269.1992185845,0.7028890833881916,0.5913942628418946,-0.4730503610696212,0.8232163006140572,0.9158708289359976,0.9737377072361288,1.0,0.9361674509750656,47.71478271530502,1.0020523186318284,0.6733200877626583,0.7872211889873914,0.8576769408200717,0.9254327440932368,0.7508270077839168,0.8363833816643578,0.8851636500799754,0.932129136322116,0.3883050310640606,14333.922758935,41745.2062435026,36371.1987315152,29074.6277794838,28984.5852321856,35345.8146219795,20771.1449008238,24971.2754154285,22459.0773991011,17511.201980621
113,8,4,-9.641171279566588,-5.226047704001848,-3.366744373120836,-1.7544602380498713,-10.78901893363977,-4.135232830754863,-2.775428056388975,-1.6048486998112352,0.1463575573906131,12276.910479883603,4.32932932932933,4.92992992992993,0.125672371556678,0.1282167847567572,0.117562607175746,0.1176965712294799,0.1244304287691175,0.1259236750953598,0.1170204510184308,0.1170983859598311,0.8551687526498233,0.4622434112931941,0.6510971606530185,42776.569237143136,70.16437045422913,606.1449907637494,1029171.0763740246,0.7018499288533191,0.5938959306204137,-0.4675194263361364,0.8238609614052406,0.9160444370707406,0.97350075733305,1.0,0.9273841097424804,42.17431461300683,1.0024295400621792,0.5660530420523417,0.7648018122831552,0.8484573804039743,0.9210327297517712,0.5154576301489169,0.8142648209998715,0.8753289126589274,0.9279023101577752,0.4392992702664421,20922.1654145549,30795.7041983815,27404.5488377371,30077.7287849278,26927.0130322421,39768.3952259116,24601.3574820631,23574.1005371745,19579.4788830595,38608.5858481527
114,8,5,-3.4436118922845456,-2.796453790742534,-2.246036535555559,-1.4968479975859736,-3.40704594816048,-2.7470678072720838,-2.220537719852489,-1.4784798195919198,0.1473929056463468,10691.263391734772,4.2692692692692695,4.84984984984985,0.1135000000000001,0.1185,0.0947626072655351,0.0955176782799649,0.1084999999999998,0.1046943636077886,0.0968825389555766,0.0969433985739779,0.8559229326250102,0.2868598452667286,0.5637098824461256,29910.131967164267,90.48151316291336,329.1614789517132,856004.3996403634,0.6154903779288085,0.5968979319546364,-0.5207335153268421,0.8208223048991811,0.9156762690427878,0.974877625396216,1.0,0.9122452423971894,37.25399719551156,1.0043743238691776,0.8450254948267778,0.8741153792938429,0.8989148543006702,0.9326267728539226,0.8469615417803716,0.8766122449310991,0.9002782849936146,0.9335826003223636,0.491776888663226,39847.3199654301,32640.24747497,26607.0670248231,40764.7586616527,27519.8130004028,33406.1233533211,35101.2926138453,34631.3763879577,29024.1350008713,22407.5995293287
115,9,1,-3.644012516126596,-3.058563457754806,-2.5682729136088067,-1.7587355361662451,-3.674593856140138,-3.0556555744655665,-2.541953358867527,-1.7318227730921425,0.1471961840902548,9310.413487069083,4.2292292292292295,4.90990990990991,0.1137669775493183,0.1187676572973815,0.1126967329721203,0.1126126305312749,0.1161481388822216,0.1163286562678866,0.1109742983043492,0.1127904101994754,0.8496919165566157,3.878271950275296,0.0374637186470154,7772.244129675563,92.2101919573808,89.03818193927228,611544.684773719,0.2421276026874043,0.6094062708472315,-0.499404171649727,0.8224048753196658,0.9169070307947792,0.9812126651906108,1.0,0.5416553042314827,1.7753339738820153,1.2025806435111002,0.8359700905382667,0.8623256610170569,0.8844016339071871,0.9208422116523788,0.8349008691858157,0.8627392489067289,0.8858050211809898,0.9222108201585252,1.457928354737636,45463.3712426379,24097.645337686,36994.8543560945,42845.9845791996,22334.9635252888,37686.3934033182,52102.080344757,39373.1996133717,30801.7184534328,28691.2648693061
116,9,2,-3.744482302906009,-3.078569331063436,-2.5708715224695595,-1.777880853340072,-3.743850308198201,-3.078982471956653,-2.563520630731833,-1.7636672862539164,0.1471874373539752,9310.413487069083,4.2292292292292295,4.90990990990991,0.1151003941629074,0.1101126767120919,0.1108074181755529,0.1060092088366438,0.113029866831871,0.1138894248071432,0.1078667390957208,0.1055171302507256,0.8518574971849131,3.736332760401545,0.035869345847064,9901.512721702598,111.47763174591228,90.82207723400428,615494.7189012058,0.2248303358224062,0.611574382921948,-0.5011534068116301,0.8203606761145745,0.9165355670606846,0.9804153485711502,1.0,0.5466170515213763,1.691399629775257,1.2018404368036584,0.831466860861636,0.8614285914230775,0.8842848584096027,0.9199684153638084,0.8318022893788823,0.8616796797841243,0.8848202932422738,0.9207641150167812,1.4176049025223143,48759.8759330447,47682.7180170806,40988.6536113493,35377.2873876775,30249.6660098696,25829.481797674,29817.8842506508,51629.8348121652,37876.7364271673,37783.2288827077
117,9,3,-3.729338617789288,-3.0636992733610544,-2.570737899792089,-1.782771551633335,-3.734411195154376,-3.064084010601009,-2.5602350184535645,-1.776609940330939,0.1472416017288736,9310.413487069083,4.2292292292292295,4.92992992992993,0.0996634734797128,0.1015000000000001,0.0866367172378824,0.086555882605542,0.1025,0.1020000000000003,0.0872514081189749,0.0871765669127712,0.8500944305178051,3.672495228037681,0.0421186456794092,7569.475632966228,75.91531520914575,100.25613244675397,619456.0984867938,0.2448494585995919,0.6104069379586391,-0.4963158065114303,0.8214461280367273,0.916529844976459,0.9811191702718034,1.0,0.5481446406923569,1.8935883787017185,1.2018757795130954,0.8321484844838969,0.862089989334617,0.8842865563139094,0.9197505883631498,0.8322222943028835,0.8623434312888515,0.8849762767261218,0.9201960057290908,1.381435129579033,56756.6108593595,47644.4353065236,31029.9592110696,19730.9519936478,56369.9744141513,21538.1722369388,42778.0070381816,29619.3896613718,41721.0259183696,48728.5633024928
118,9,4,-3.72138606661852,-3.058014574789709,-2.566927505255105,-1.7791576032916705,-3.700727106813877,-3.0600717519310745,-2.56313533788763,-1.7638456120576187,0.1473591471181727,9100.689738299126,4.2292292292292295,4.90990990990991,0.1099999999999998,0.108696701410917,0.0974528568424465,0.0984026519560275,0.1210000000000004,0.1044654324118569,0.0982341261105573,0.0982315831599057,0.852693938502423,3.8819311089382498,0.0317203089706358,7640.979759141897,73.09917386616029,95.7291065825862,617073.2273439956,0.2284318599628146,0.6130753835890593,-0.5048966047434765,0.8213365324462465,0.916423001680581,0.9816885828929331,1.0,0.5461141382035963,1.7683239303597418,1.206535370520195,0.8324895161515165,0.8623656163754808,0.8844518363115246,0.9199262295921192,0.8337745727462056,0.8625337910192798,0.8848537467830201,0.9207609780207572,1.42696055218338,40967.0827235546,38076.7095582675,40418.7931533173,38728.8490802788,56134.9167855087,30985.0733524617,38539.8772108769,46150.8643149558,30795.388201268,50354.8867875138
119,9,5,-3.6600578175763694,-3.061300821306105,-2.5542019101519635,-1.7567234321960026,-3.663920115953749,-3.074926554624289,-2.558243553412765,-1.7449205988081484,0.1468879338815417,9310.413487069083,4.2292292292292295,4.92992992992993,0.1239999999999996,0.1129999999999999,0.0942426265511327,0.0934347941254623,0.0999999999999996,0.129,0.0952425104480026,0.0958430427197179,0.8516847246859791,4.247514121141254,0.0316349253999566,8769.785763320198,83.85224784449517,104.26939110315809,619652.4409993573,0.2409008020408043,0.6105737158105404,-0.4975514025795176,0.8219920456531813,0.916924888572518,0.9808613701244572,1.0,0.5363762992075062,1.8255142119288417,1.206865944457476,0.8352811418019441,0.8622007225836471,0.8850278910044282,0.9209240437907787,0.8354494670098396,0.8618620416390415,0.8850626459961769,0.9216110609364472,1.4612709445505303,34628.4275257008,46194.2385529381,50275.7000461355,44446.9224907054,44122.6421760498,42605.6130954416,21157.384300857,46527.0174646442,34032.3383939685,28372.1543964275
