gmean = 0.8237866200262353, f1 = 0.8370543152282574, acc = 0.7873913043478261, k = 50, loss = pairwise, lr = 0.001
gmean = 0.8449496831904585, f1 = 0.8045188383509788, acc = 0.7605072463768116, k = 100, loss = pairwise, lr = 0.001
gmean = 0.8609794628751974, f1 = 0.7578534858732066, acc = 0.7223913043478261, k = 150, loss = pairwise, lr = 0.001
gmean = 0.8683337586118908, f1 = 0.8152850982271203, acc = 0.7765217391304348, k = 200, loss = pairwise, lr = 0.001
