gmean = 0.8482662322550617, f1 = 0.8198841590282854, acc = 0.7678985507246376, k = 50, loss = pairwise, lr = 0.001
gmean = 0.8369171297414835, f1 = 0.7932673040590827, acc = 0.7383333333333333, k = 100, loss = pairwise, lr = 0.001
gmean = 0.8632185316828043, f1 = 0.8119667973253402, acc = 0.7636231884057971, k = 150, loss = pairwise, lr = 0.001
gmean = 0.8400046816479401, f1 = 0.8094513054756669, acc = 0.7551449275362319, k = 200, loss = pairwise, lr = 0.001
