gmean = 0.8576237901528966, f1 = 0.7669342699448068, acc = 0.7307246376811595, k = 50, loss = pairwise, lr = 0.001
gmean = 0.883864466557501, f1 = 0.8376507102781425, acc = 0.8028985507246377, k = 100, loss = pairwise, lr = 0.001
gmean = 0.883563462559745, f1 = 0.8142166758426622, acc = 0.779927536231884, k = 150, loss = pairwise, lr = 0.001
gmean = 0.8889033942558747, f1 = 0.8265857359635812, acc = 0.7929710144927536, k = 200, loss = pairwise, lr = 0.001
