gmean = 0.8249688925756947, f1 = 0.7592569029138566, acc = 0.7257971014492753, k = 50, loss = pairwise, lr = 0.001
gmean = 0.8189821514712976, f1 = 0.8095607081122965, acc = 0.7684782608695652, k = 100, loss = pairwise, lr = 0.001
gmean = 0.8365823309829946, f1 = 0.7699452856597531, acc = 0.7379710144927536, k = 150, loss = pairwise, lr = 0.001
gmean = 0.8467522364838584, f1 = 0.8063958513396716, acc = 0.7727536231884058, k = 200, loss = pairwise, lr = 0.001
