gmean = 0.927815329677337, f1 = 0.7885751449785918, acc = 0.7173188405797102, k = 50, loss = pairwise, lr = 0.001
gmean = 0.9385105028644176, f1 = 0.798483617655023, acc = 0.7303623188405797, k = 100, loss = pairwise, lr = 0.001
gmean = 0.9188585607940447, f1 = 0.7933583288698447, acc = 0.7204347826086956, k = 150, loss = pairwise, lr = 0.001
gmean = 0.9230769230769231, f1 = 0.817766577413766, acc = 0.7484782608695653, k = 200, loss = pairwise, lr = 0.001
