gmean = 0.9190982949994279, f1 = 0.8325041459369817, acc = 0.7657971014492754, k = 50, loss = pairwise, lr = 0.001
gmean = 0.9360009789525208, f1 = 0.8168081584708207, acc = 0.7513768115942029, k = 100, loss = pairwise, lr = 0.001
gmean = 0.9214993733621967, f1 = 0.8366608047998344, acc = 0.7711594202898551, k = 150, loss = pairwise, lr = 0.001
gmean = 0.9114239306984299, f1 = 0.8505456750202102, acc = 0.7856521739130434, k = 200, loss = pairwise, lr = 0.001
