gmean = 0.8304928604329802, f1 = 0.8110661268556004, acc = 0.7565217391304347, k = 50, loss = pairwise, lr = 0.001
gmean = 0.8597257614367189, f1 = 0.8171385733233377, acc = 0.7702173913043479, k = 100, loss = pairwise, lr = 0.001
gmean = 0.8534763224484878, f1 = 0.8141847232599575, acc = 0.7657246376811594, k = 150, loss = pairwise, lr = 0.001
gmean = 0.8571926562863119, f1 = 0.8332768553032871, acc = 0.7860869565217391, k = 200, loss = pairwise, lr = 0.001
