gmean = 0.8885409252669039, f1 = 0.766783367115042, acc = 0.7248550724637681, k = 50, loss = pairwise, lr = 0.001
gmean = 0.8715643462625224, f1 = 0.7963854007745569, acc = 0.7485507246376811, k = 100, loss = pairwise, lr = 0.001
gmean = 0.8943577430972389, f1 = 0.8004536500925207, acc = 0.7577536231884058, k = 150, loss = pairwise, lr = 0.001
gmean = 0.8671586715867159, f1 = 0.8109973541930288, acc = 0.7618840579710144, k = 200, loss = pairwise, lr = 0.001
