gmean = 0.8194701170671596, f1 = 0.796836618536936, acc = 0.7542753623188406, k = 50, loss = pairwise, lr = 0.001
gmean = 0.8397936234951713, f1 = 0.7868608614812519, acc = 0.7507971014492754, k = 100, loss = pairwise, lr = 0.001
gmean = 0.8287007110536523, f1 = 0.7859726564894857, acc = 0.7470289855072464, k = 150, loss = pairwise, lr = 0.001
gmean = 0.8699628844114529, f1 = 0.8142679900744417, acc = 0.7830434782608696, k = 200, loss = pairwise, lr = 0.001
