gmean = 0.8310909980430529, f1 = 0.8095550128075296, acc = 0.7683333333333333, k = 50, loss = pairwise, lr = 0.001
gmean = 0.805934242181235, f1 = 0.749394146523333, acc = 0.7077536231884058, k = 100, loss = pairwise, lr = 0.001
gmean = 0.8535502958579881, f1 = 0.7910512868448932, acc = 0.7570289855072464, k = 150, loss = pairwise, lr = 0.001
gmean = 0.8537305044260222, f1 = 0.7726347914547305, acc = 0.7408695652173913, k = 200, loss = pairwise, lr = 0.001
