gmean = 0.9762133919978001, f1 = 0.7373941943189489, acc = 0.6335507246376811, k = 50, loss = pairwise, lr = 0.001
gmean = 0.9775854731167541, f1 = 0.724110755004466, acc = 0.6194927536231885, k = 100, loss = pairwise, lr = 0.001
gmean = 0.9740399385560676, f1 = 0.6857359143506003, acc = 0.5788405797101449, k = 150, loss = pairwise, lr = 0.001
gmean = 0.9786719104522765, f1 = 0.6958859908577575, acc = 0.5902173913043478, k = 200, loss = pairwise, lr = 0.001
