gmean = 0.9721049122027117, f1 = 0.8344383496303363, acc = 0.7484782608695653, k = 50, loss = pairwise, lr = 0.001
gmean = 0.9868404561975185, f1 = 0.7895317356863532, acc = 0.6957971014492753, k = 100, loss = pairwise, lr = 0.001
gmean = 0.962483660130719, f1 = 0.7506754345720548, acc = 0.6455797101449275, k = 150, loss = pairwise, lr = 0.001
gmean = 0.9762484069053412, f1 = 0.8181376832702204, acc = 0.7285507246376811, k = 200, loss = pairwise, lr = 0.001
