gmean = 0.9094435689174445, f1 = 0.7981275599765945, acc = 0.725, k = 50, loss = pairwise, lr = 0.001
gmean = 0.9309240622140896, f1 = 0.8437856328392246, acc = 0.7815942028985507, k = 100, loss = pairwise, lr = 0.001
gmean = 0.9252405625462621, f1 = 0.8040308747855918, acc = 0.735072463768116, k = 150, loss = pairwise, lr = 0.001
gmean = 0.9128664495114006, f1 = 0.8197012430794944, acc = 0.7498550724637681, k = 200, loss = pairwise, lr = 0.001
