gmean = 0.9808660624370594, f1 = 0.7204522639615363, acc = 0.6165942028985507, k = 50, loss = pairwise, lr = 0.001
gmean = 0.9835988753514526, f1 = 0.8186427457098284, acc = 0.7304347826086957, k = 100, loss = pairwise, lr = 0.001
gmean = 0.9725260747901298, f1 = 0.7708438350640185, acc = 0.6705797101449276, k = 150, loss = pairwise, lr = 0.001
gmean = 0.9690248565965583, f1 = 0.767065233842894, acc = 0.6654347826086957, k = 200, loss = pairwise, lr = 0.001
