gmean = 0.9373580873514091, f1 = 0.780949201580148, acc = 0.7147101449275363, k = 50, loss = pairwise, lr = 0.001
gmean = 0.9289532003650111, f1 = 0.7849314314038663, acc = 0.7170289855072464, k = 100, loss = pairwise, lr = 0.001
gmean = 0.9407263451961618, f1 = 0.8275014690955713, acc = 0.7660144927536232, k = 150, loss = pairwise, lr = 0.001
gmean = 0.9312116136236739, f1 = 0.8578776811892392, acc = 0.7997826086956522, k = 200, loss = pairwise, lr = 0.001
