gmean = 0.8605207226354942, f1 = 0.7755297497904943, acc = 0.7282608695652174, k = 50, loss = pairwise, lr = 0.001
gmean = 0.8793549181336945, f1 = 0.8257326166117565, acc = 0.7815217391304348, k = 100, loss = pairwise, lr = 0.001
gmean = 0.8809585158464314, f1 = 0.8073199527744983, acc = 0.7634782608695653, k = 150, loss = pairwise, lr = 0.001
gmean = 0.8531429213988531, f1 = 0.8396878977367052, acc = 0.7900724637681159, k = 200, loss = pairwise, lr = 0.001
