gmean = 0.9681917894077092, f1 = 0.6740114535042269, acc = 0.5668840579710145, k = 50, loss = pairwise, lr = 0.001
gmean = 0.9801040312093628, f1 = 0.7673980552868708, acc = 0.6689130434782609, k = 100, loss = pairwise, lr = 0.001
gmean = 0.9667452212621105, f1 = 0.7538155275381552, acc = 0.6505072463768116, k = 150, loss = pairwise, lr = 0.001
gmean = 0.9664900662251655, f1 = 0.748295134081936, acc = 0.6442753623188405, k = 200, loss = pairwise, lr = 0.001
