gmean = 0.8995781739012111, f1 = 0.8057282145033515, acc = 0.7689855072463768, k = 50, loss = pairwise, lr = 0.001
gmean = 0.8547074777218132, f1 = 0.787669602475601, acc = 0.7414492753623189, k = 100, loss = pairwise, lr = 0.001
gmean = 0.8592648539778449, f1 = 0.8028226992061159, acc = 0.7570289855072464, k = 150, loss = pairwise, lr = 0.001
gmean = 0.8349536772274962, f1 = 0.8200404403504831, acc = 0.7678260869565218, k = 200, loss = pairwise, lr = 0.001
