gmean = 0.9788579990011653, f1 = 0.6569832402234637, acc = 0.5550724637681159, k = 50, loss = pairwise, lr = 0.001
gmean = 0.9826271716035495, f1 = 0.7903890620287525, acc = 0.6978260869565217, k = 100, loss = pairwise, lr = 0.001
gmean = 0.9783065080475857, f1 = 0.7343208320201702, acc = 0.6334782608695653, k = 150, loss = pairwise, lr = 0.001
gmean = 0.9864730172291044, f1 = 0.7325015859589765, acc = 0.6333333333333333, k = 200, loss = pairwise, lr = 0.001
