gmean = 0.9056171648987463, f1 = 0.7996381246341333, acc = 0.7271739130434782, k = 50, loss = pairwise, lr = 0.001
gmean = 0.9331286250426476, f1 = 0.8507880547490668, acc = 0.7914492753623188, k = 100, loss = pairwise, lr = 0.001
gmean = 0.9029345372460497, f1 = 0.8037225042301185, acc = 0.7310144927536232, k = 150, loss = pairwise, lr = 0.001
gmean = 0.9250967674442934, f1 = 0.8819188191881919, acc = 0.8284057971014492, k = 200, loss = pairwise, lr = 0.001
