gmean = 0.9097456468228644, f1 = 0.8705779716466738, acc = 0.7853732638888888, k = 50, loss = pairwise, lr = 0.001
gmean = 0.9204434589800443, f1 = 0.8934613232318884, acc = 0.8209635416666666, k = 100, loss = pairwise, lr = 0.001
gmean = 0.9632135306553912, f1 = 0.8509525588345161, acc = 0.7690972222222222, k = 150, loss = pairwise, lr = 0.001
gmean = 0.9673307626392459, f1 = 0.8482998309224121, acc = 0.7663483796296297, k = 200, loss = pairwise, lr = 0.001
