gmean = 0.8219287715086034, f1 = 0.7996496179862768, acc = 0.7021846064814815, k = 50, loss = pairwise, lr = 0.001
gmean = 0.8478211270819074, f1 = 0.7693980019669754, acc = 0.677734375, k = 100, loss = pairwise, lr = 0.001
gmean = 0.8417138068300859, f1 = 0.7995422657843674, acc = 0.7085503472222222, k = 150, loss = pairwise, lr = 0.001
gmean = 0.8229842446709916, f1 = 0.7887879984208448, acc = 0.6903935185185185, k = 200, loss = pairwise, lr = 0.001
