gmean = 0.7943971985992997, f1 = 0.8476868327402135, acc = 0.7523148148148148, k = 50, loss = pairwise, lr = 0.001
gmean = 0.8675577156743621, f1 = 0.841567625969944, acc = 0.7666377314814815, k = 100, loss = pairwise, lr = 0.001
gmean = 0.8434481310373793, f1 = 0.8028985507246377, acc = 0.7146990740740741, k = 150, loss = pairwise, lr = 0.001
gmean = 0.852218392082731, f1 = 0.786898711432825, acc = 0.6997251157407407, k = 200, loss = pairwise, lr = 0.001
