gmean = 0.7617078565246659, f1 = 0.7954009137922378, acc = 0.7052228009259259, k = 50, loss = pairwise, lr = 0.001
gmean = 0.8539311730720924, f1 = 0.7779176201372997, acc = 0.7191840277777778, k = 100, loss = pairwise, lr = 0.001
gmean = 0.8266057091882248, f1 = 0.8020123336579035, acc = 0.7352430555555556, k = 150, loss = pairwise, lr = 0.001
gmean = 0.8613470510826654, f1 = 0.8055042792414835, acc = 0.7484809027777778, k = 200, loss = pairwise, lr = 0.001
