gmean = 0.8042300479266514, f1 = 0.836793322131281, acc = 0.7821903935185185, k = 50, loss = pairwise, lr = 0.001
gmean = 0.7660058806791236, f1 = 0.8328348973909457, acc = 0.7654803240740741, k = 100, loss = pairwise, lr = 0.001
gmean = 0.8218704715193401, f1 = 0.8274043317248344, acc = 0.7774884259259259, k = 150, loss = pairwise, lr = 0.001
gmean = 0.8601381351751357, f1 = 0.8224541541364468, acc = 0.7821903935185185, k = 200, loss = pairwise, lr = 0.001
