gmean = 0.8598278335724534, f1 = 0.7669567443050934, acc = 0.7365451388888888, k = 50, loss = pairwise, lr = 0.001
gmean = 0.789059262329051, f1 = 0.8318951392681594, acc = 0.77734375, k = 100, loss = pairwise, lr = 0.001
gmean = 0.8375258233078138, f1 = 0.8162491857641974, acc = 0.7755353009259259, k = 150, loss = pairwise, lr = 0.001
gmean = 0.8137758011175733, f1 = 0.81895908647501, acc = 0.7717737268518519, k = 200, loss = pairwise, lr = 0.001
