gmean = 0.8271626002388671, f1 = 0.8580530973451326, acc = 0.7679398148148148, k = 50, loss = pairwise, lr = 0.001
gmean = 0.9000988033812712, f1 = 0.8204332816330615, acc = 0.7403790509259259, k = 100, loss = pairwise, lr = 0.001
gmean = 0.8865656565656566, f1 = 0.8448358841081913, acc = 0.7667824074074074, k = 150, loss = pairwise, lr = 0.001
gmean = 0.9012623020967052, f1 = 0.8330861267675269, acc = 0.7557870370370371, k = 200, loss = pairwise, lr = 0.001
