gmean = 0.8876557191392979, f1 = 0.9265505555993381, acc = 0.8651620370370371, k = 50, loss = pairwise, lr = 0.001
gmean = 0.9426732962854636, f1 = 0.8636891469405984, acc = 0.7792245370370371, k = 100, loss = pairwise, lr = 0.001
gmean = 0.9587068472248712, f1 = 0.8888987134709757, acc = 0.8182146990740741, k = 150, loss = pairwise, lr = 0.001
gmean = 0.9542796384901648, f1 = 0.8334107159439131, acc = 0.7404513888888888, k = 200, loss = pairwise, lr = 0.001
