gmean = 0.7330285936588212, f1 = 0.7767700711120272, acc = 0.6866319444444444, k = 50, loss = pairwise, lr = 0.001
gmean = 0.8341949778434269, f1 = 0.785830241187384, acc = 0.7327835648148148, k = 100, loss = pairwise, lr = 0.001
gmean = 0.7887890255439924, f1 = 0.7588168373151307, acc = 0.6932870370370371, k = 150, loss = pairwise, lr = 0.001
gmean = 0.808351976137211, f1 = 0.7576004659289458, acc = 0.6989293981481481, k = 200, loss = pairwise, lr = 0.001
