gmean = 0.8041162478022547, f1 = 0.8429098005203817, acc = 0.7903645833333334, k = 50, loss = pairwise, lr = 0.001
gmean = 0.7490898639586128, f1 = 0.8137586511942551, acc = 0.7411024305555556, k = 100, loss = pairwise, lr = 0.001
gmean = 0.8406425891181989, f1 = 0.8284509158144103, acc = 0.7852285879629629, k = 150, loss = pairwise, lr = 0.001
gmean = 0.8113649025069638, f1 = 0.8203221809169766, acc = 0.7692418981481481, k = 200, loss = pairwise, lr = 0.001
