gmean = 0.7555408221254025, f1 = 0.8266749572516711, acc = 0.7580295138888888, k = 50, loss = pairwise, lr = 0.001
gmean = 0.7792113203620851, f1 = 0.8161508282476024, acc = 0.7559317129629629, k = 100, loss = pairwise, lr = 0.001
gmean = 0.7987246376811594, f1 = 0.7933893815501555, acc = 0.7404513888888888, k = 150, loss = pairwise, lr = 0.001
gmean = 0.8025936599423631, f1 = 0.8152902099870518, acc = 0.7626591435185185, k = 200, loss = pairwise, lr = 0.001
