gmean = 0.9270808347325498, f1 = 0.7617264485612928, acc = 0.6501736111111112, k = 50, loss = pairwise, lr = 0.001
gmean = 0.8757921419518377, f1 = 0.6526050684715882, acc = 0.5210503472222222, k = 100, loss = pairwise, lr = 0.001
gmean = 0.9323915237134208, f1 = 0.7434375942874384, acc = 0.6309317129629629, k = 150, loss = pairwise, lr = 0.001
gmean = 0.9071735626007523, f1 = 0.6961138027007525, acc = 0.5734953703703703, k = 200, loss = pairwise, lr = 0.001
