gmean = 0.8990268912838757, f1 = 0.7993673535842211, acc = 0.6880063657407407, k = 50, loss = pairwise, lr = 0.001
gmean = 0.9111158252015273, f1 = 0.8040059902658181, acc = 0.6970486111111112, k = 100, loss = pairwise, lr = 0.001
gmean = 0.903464513958964, f1 = 0.7726161369193153, acc = 0.6569010416666666, k = 150, loss = pairwise, lr = 0.001
gmean = 0.9046578493387004, f1 = 0.7623939907923432, acc = 0.6453269675925926, k = 200, loss = pairwise, lr = 0.001
