gmean = 0.7267932489451476, f1 = 0.8053377489894317, acc = 0.7108651620370371, k = 50, loss = pairwise, lr = 0.001
gmean = 0.8083175803402647, f1 = 0.750526562134332, acc = 0.6915509259259259, k = 100, loss = pairwise, lr = 0.001
gmean = 0.7832704105710241, f1 = 0.7530199058583338, acc = 0.6849681712962963, k = 150, loss = pairwise, lr = 0.001
gmean = 0.7764022787028922, f1 = 0.775170905113481, acc = 0.7026186342592593, k = 200, loss = pairwise, lr = 0.001
