gmean = 0.7567596451854227, f1 = 0.7980389947030317, acc = 0.7407407407407407, k = 50, loss = pairwise, lr = 0.001
gmean = 0.7369341363901302, f1 = 0.8120751485307499, acc = 0.7460214120370371, k = 100, loss = pairwise, lr = 0.001
gmean = 0.8040754186672913, f1 = 0.8112003780718338, acc = 0.7688078703703703, k = 150, loss = pairwise, lr = 0.001
gmean = 0.8093988549618321, f1 = 0.8091575746735826, acc = 0.7684461805555556, k = 200, loss = pairwise, lr = 0.001
