gmean = 0.8489744310199494, f1 = 0.6839454473431046, acc = 0.5959924768518519, k = 50, loss = pairwise, lr = 0.001
gmean = 0.8567793015693482, f1 = 0.6876205605355724, acc = 0.6017071759259259, k = 100, loss = pairwise, lr = 0.001
gmean = 0.8483664060934055, f1 = 0.8246066923189325, acc = 0.7395109953703703, k = 150, loss = pairwise, lr = 0.001
gmean = 0.912693257113161, f1 = 0.7698630136986301, acc = 0.6961805555555556, k = 200, loss = pairwise, lr = 0.001
