gmean = 0.7707013704940688, f1 = 0.7480020119599843, acc = 0.673828125, k = 50, loss = pairwise, lr = 0.001
gmean = 0.8177073625349487, f1 = 0.6019897084048027, acc = 0.5803674768518519, k = 100, loss = pairwise, lr = 0.001
gmean = 0.8255379461409612, f1 = 0.7550527370219786, acc = 0.6992910879629629, k = 150, loss = pairwise, lr = 0.001
gmean = 0.8417388613861386, f1 = 0.6942707668750797, acc = 0.6533564814814815, k = 200, loss = pairwise, lr = 0.001
