gmean = 0.7682775712515489, f1 = 0.7867604293343203, acc = 0.7082609953703703, k = 50, loss = pairwise, lr = 0.001
gmean = 0.8284820784219389, f1 = 0.7852704782534344, acc = 0.7275028935185185, k = 100, loss = pairwise, lr = 0.001
gmean = 0.8083112874779541, f1 = 0.8013769739358505, acc = 0.7370515046296297, k = 150, loss = pairwise, lr = 0.001
gmean = 0.8244612068965518, f1 = 0.826732940731536, acc = 0.7680121527777778, k = 200, loss = pairwise, lr = 0.001
