gmean = 0.8441488791161643, f1 = 0.7929870522444457, acc = 0.7027633101851852, k = 50, loss = pairwise, lr = 0.001
gmean = 0.8378203946155265, f1 = 0.8503649635036498, acc = 0.7686631944444444, k = 100, loss = pairwise, lr = 0.001
gmean = 0.8995413357198792, f1 = 0.8262008733624454, acc = 0.7552806712962963, k = 150, loss = pairwise, lr = 0.001
gmean = 0.8915588416512631, f1 = 0.8568890643505725, acc = 0.7902199074074074, k = 200, loss = pairwise, lr = 0.001
