gmean = 0.8984596850529214, f1 = 0.8837445511871006, acc = 0.8012876157407407, k = 50, loss = pairwise, lr = 0.001
gmean = 0.9482355560503173, f1 = 0.8115859177742842, acc = 0.7139033564814815, k = 100, loss = pairwise, lr = 0.001
gmean = 0.9017047515415306, f1 = 0.8633443306129536, acc = 0.7722800925925926, k = 150, loss = pairwise, lr = 0.001
gmean = 0.9440261865793781, f1 = 0.8172672743588533, acc = 0.7201244212962963, k = 200, loss = pairwise, lr = 0.001
